 -0.00849463604 -0.176502526 -1122.
 -0.00893374346 -0.183253646 -1120.90002
 -0.0099808732 -0.185891002 -1119.80005
 -0.00973797496 -0.192668304 -1118.69995
 -0.00945154205 -0.198143661 -1117.59998
 -0.0097158365 -0.208205625 -1116.5
 -0.00966083352 -0.216189802 -1115.40002
 -0.0108856326 -0.221241131 -1114.30005
 -0.0115642715 -0.23059909 -1113.19995
 -0.0118806269 -0.237856627 -1112.09998
 -0.0121327136 -0.245953292 -1111.
 -0.0120112551 -0.253488332 -1109.90002
 -0.0116190184 -0.266128719 -1108.80005
 -0.0124495476 -0.275960863 -1107.69995
 -0.0130838631 -0.287733704 -1106.59998
 -0.0133994147 -0.295389891 -1105.5
 -0.0141893961 -0.30573824 -1104.40002
 -0.0135692451 -0.320108235 -1103.30005
 -0.0136396261 -0.331732035 -1102.19995
 -0.0140522597 -0.345104814 -1101.09998
 -0.0144976443 -0.359680891 -1100.
 -0.0153041035 -0.375303 -1098.90002
 -0.0163729023 -0.386801153 -1097.80005
 -0.0162844025 -0.40255335 -1096.69995
 -0.0164542347 -0.418579489 -1095.59998
 -0.016946001 -0.437960774 -1094.5
 -0.0171492882 -0.45836857 -1093.40002
 -0.0185432527 -0.474580944 -1092.30005
 -0.0194673073 -0.495761454 -1091.19995
 -0.0201536175 -0.51682502 -1090.09998
 -0.0206604209 -0.538278162 -1089.
 -0.0208952632 -0.560398519 -1087.90002
 -0.0209706649 -0.588963687 -1086.80005
 -0.0221387148 -0.615034163 -1085.69995
 -0.0229963288 -0.643885076 -1084.59998
 -0.0236715376 -0.671102822 -1083.5
 -0.0247202199 -0.700645447 -1082.40002
 -0.0246577002 -0.736554921 -1081.30005
 -0.0251692254 -0.770154536 -1080.19995
 -0.0259859711 -0.807470322 -1079.09998
 -0.0269101355 -0.846912861 -1078.
 -0.0281921048 -0.889764547 -1076.90002
 -0.0296360999 -0.930801451 -1075.80005
 -0.0301102791 -0.976940989 -1074.69995
 -0.0308132339 -1.02604306 -1073.59998
 -0.0320982412 -1.08039165 -1072.5
 -0.0329179987 -1.13781917 -1071.40002
 -0.0348794796 -1.19478118 -1070.30005
 -0.0364365913 -1.25882757 -1069.19995
 -0.0377417393 -1.32639515 -1068.09998
 -0.0390178673 -1.3977195 -1067.
 -0.0399236493 -1.47307289 -1065.90002
 -0.0410025641 -1.55792642 -1064.80005
 -0.043122042 -1.64606118 -1063.69995
 -0.0448205918 -1.74074161 -1062.59998
 -0.0463991985 -1.83914137 -1061.5
 -0.0486805178 -1.94548488 -1060.40002
 -0.0494547486 -2.0635314 -1059.30005
 -0.051122617 -2.186445 -1058.19995
 -0.0532048978 -2.32020426 -1057.09998
 -0.0554309413 -2.46409512 -1056.
 -0.0581046566 -2.61988926 -1054.90002
 -0.0608785823 -2.78301978 -1053.80005
 -0.0628808141 -2.96273494 -1052.69995
 -0.065219909 -3.15528393 -1051.59998
 -0.0680408552 -3.36650372 -1050.5
 -0.0706309229 -3.59360909 -1049.40002
 -0.0745297968 -3.83747935 -1048.30005
 -0.0782321692 -4.1041708 -1047.19995
 -0.0815032572 -4.39317131 -1046.09998
 -0.0850579888 -4.70597363 -1045.
 -0.0883769393 -5.04574776 -1043.90002
 -0.0921405703 -5.42066336 -1042.80005
 -0.0968981087 -5.82607174 -1041.69995
 -0.101657599 -6.27011585 -1040.59998
 -0.106198542 -6.75312281 -1039.5
 -0.111783318 -7.28285742 -1038.40002
 -0.116290942 -7.86616278 -1037.30005
 -0.121658333 -8.50448132 -1036.19995
 -0.12774007 -9.20682144 -1035.09998
 -0.134273738 -9.98100948 -1034.
 -0.141684413 -10.8363094 -1032.90002
 -0.149351075 -11.7758856 -1031.80005
 -0.156614825 -12.8187637 -1030.69995
 -0.164791167 -13.9727116 -1029.59998
 -0.173750579 -15.256897 -1028.5
 -0.182884052 -16.6833725 -1027.40002
 -0.194013789 -18.2696476 -1026.30005
 -0.205203593 -20.0414906 -1025.19995
 -0.216872275 -22.0198956 -1024.09998
 -0.229233533 -24.2348022 -1023.
 -0.242192775 -26.7163868 -1021.90002
 -0.25648132 -29.5098915 -1020.79999
 -0.271978587 -32.6513252 -1019.70001
 -0.28881669 -36.1947861 -1018.59998
 -0.306518734 -40.1931877 -1017.5
 -0.325992465 -44.7209892 -1016.40002
 -0.346716285 -49.8577538 -1015.29999
 -0.368267804 -55.6888962 -1014.20001
 -0.391468853 -62.3279419 -1013.09998
 -0.417165905 -69.8975067 -1012.
 -0.445282131 -78.5454636 -1010.90002
 -0.475251317 -88.4367905 -1009.79999
 -0.507178247 -99.7764282 -1008.70001
 -0.541561306 -112.798317 -1007.59998
 -0.57891947 -127.779854 -1006.5
 -0.618392289 -145.040009 -1005.40002
 -0.661307275 -164.961823 -1004.29999
 -0.707841992 -187.999557 -1003.20001
 -0.758009434 -214.687164 -1002.09998
 -0.81073755 -245.670547 -1001.
 -0.866425693 -281.72583 -999.900024
 -0.926133275 -323.81546 -998.799988
 -0.989840984 -373.092651 -997.700012
 -1.0571872 -431.001495 -996.599976
 -1.12784672 -499.236633 -995.5
 -1.20275998 -579.618652 -994.400024
 -1.28074884 -673.2547 -993.299988
 -1.36169529 -777.331665 -992.200012
 -1.44542146 -873.993286 -991.099976
 -1.53326213 -893.28418 -990.
 -1.6241796 -624.116882 -988.900024
 -1.7172153  300.293091 -987.799988
 -1.81207728  1999.9386 -986.700012
 -1.90863371  4149.21729 -985.599976
 -2.00657344  6155.69043 -984.5
 -2.10434222  7191.75049 -983.400024
 -2.2021234  6781.67383 -982.299988
 -2.29949617  5045.50195 -981.200012
 -2.39510822  2624.83936 -980.099976
 -2.4874022  59.1095428 -979.
 -2.57625127 -2548.27295 -977.900024
 -2.66145587 -5117.88916 -976.799988
 -2.7428844 -7202.68848 -975.700012
 -2.81977892 -8368.75195 -974.599976
 -2.89176798 -8709.80078 -973.5
 -2.95923185 -8362.91113 -972.400024
 -3.0211792 -7192.41748 -971.299988
 -3.07642221 -5106.18555 -970.200012
 -3.12462997 -2532.64429 -969.099976
 -3.16587853  96.2384567 -968.
 -3.19864535  2724.78369 -966.900024
 -3.2208724  5295.84961 -965.799988
 -3.23090363  7374.57031 -964.700012
 -3.22812033  8532.81738 -963.599976
 -3.2116437  8865.27734 -962.5
 -3.1794939  8508.53516 -961.400024
 -3.13237929  7325.77734 -960.299988
 -3.07061553  5224.02344 -959.200012
 -2.99413896  2633.78711 -958.099976
 -2.90222049 -9.74558449 -957.
 -2.79596996 -2649.15137 -955.900024
 -2.67762709 -5226.72119 -954.799988
 -2.54753113 -7309.09131 -953.700012
 -2.40661573 -8471.26465 -952.599976
 -2.25577545 -8809. -951.5
 -2.09699416 -8458.09863 -950.400024
 -1.93030703 -7280.83447 -949.299988
 -1.75707364 -5183.8042 -948.200012
 -1.57903242 -2597.63477 -947.099976
 -1.39931285  42.6419411 -946.
 -1.21921086  2680.52051 -944.900024
 -1.04038632  5259.96191 -943.799988
 -0.864606678  7348.71094 -942.700012
 -0.694636405  8520.23438 -941.599976
 -0.533030808  8868.45801 -940.5
 -0.379831105  8528.87012 -939.400024
 -0.237502322  7362.82178 -938.299988
 -0.107366115  5273.11719 -937.200012
  0.0110355588  2687.16162 -936.099976
  0.118188329  41.144783 -935.
  0.213751495 -2606.44922 -933.900024
  0.297466755 -5197.96924 -932.799988
  0.369988114 -7297.76514 -931.700012
  0.431548715 -8475.53711 -930.599976
  0.483792722 -8824.92969 -929.5
  0.525814831 -8482.79492 -928.400024
  0.55923897 -7312.24023 -927.299988
  0.586088657 -5219.4541 -926.200012
  0.60639298 -2634.85645 -925.099976
  0.621176958  5.56149769 -924.
  0.632259488  2644.39111 -922.900024
  0.642134666  5224.98584 -921.799988
  0.652700186  7314.19043 -920.700012
  0.665272892  8484.5 -919.599976
  0.680569291  8829.53516 -918.5
  0.701387465  8484.76855 -917.400024
  0.727087319  7311.89111 -916.299988
  0.756776154  5215.41797 -915.200012
  0.791509688  2624.77148 -914.099976
  0.830846488 -23.6687431 -913.
  0.873291135 -2671.48853 -911.900024
  0.916956425 -5259.65039 -910.799988
  0.960389733 -7350.75488 -909.700012
  1.00253654 -8515.9668 -908.599976
  1.04293251 -8851.90723 -907.5
  1.07916582 -8496.67969 -906.400024
  1.11214316 -7313.99316 -905.299988
  1.14236844 -5211.25391 -904.200012
  1.1691606 -2619.43408 -903.099976
  1.1922648  26.4045925 -902.
  1.21286881  2669.32495 -900.900024
  1.23278415  5251.48096 -899.799988
  1.25290394  7337.61328 -898.700012
  1.27420437  8500.74805 -897.599976
  1.29690731  8837.2666 -896.5
  1.32356262  8484.66895 -895.400024
  1.35329235  7306.70947 -894.299988
  1.3864069  5210.4873 -893.200012
  1.42355144  2625.38965 -892.099976
  1.46557665 -14.7267447 -891.
  1.51187301 -2653.2251 -889.900024
  1.56117165 -5232.63281 -888.799988
  1.61307979 -7318.09082 -887.700012
  1.66757715 -8481.91895 -886.599976
  1.72495496 -8819.3252 -885.5
  1.78346574 -8467.33789 -884.400024
  1.84532821 -7289.81689 -883.299988
  1.91116381 -5194.29492 -882.200012
  1.98162758 -2610.47534 -881.099976
  2.0567162  27.8615704 -880.
  2.13818574  2664.29224 -878.900024
  2.22793913  5241.99023 -877.799988
  2.32712841  7327.59375 -876.700012
  2.4358027  8494.31641 -875.599976
  2.55360556  8836.52539 -874.5
  2.68166351  8489.77344 -873.400024
  2.81657577  7315.59473 -872.299988
  2.9569478  5218.51172 -871.200012
  3.10021782  2628.27002 -870.099976
  3.24413824 -18.4625931 -869.
  3.38481641 -2663.23413 -867.900024
  3.51777101 -5247.67627 -866.799988
  3.63876438 -7336.36816 -865.700012
  3.74493694 -8501.82324 -864.599976
  3.83283091 -8839.60742 -863.5
  3.89834809 -8486.22754 -862.400024
  3.94103527 -7304.39307 -861.299988
  3.95866632 -5201.98877 -860.200012
  3.95044971 -2612.14526 -859.099976
  3.91489935  28.617342 -858.
  3.85295224  2663.24219 -856.900024
  3.76618981  5235.44238 -855.799988
  3.65583611  7314.87939 -854.700012
  3.52309752  8479.13184 -853.599976
  3.36933279  8824.03223 -852.5
  3.19787836  8485.10352 -851.400024
  3.00814629  7323.88428 -850.299988
  2.80262876  5242.31152 -849.200012
  2.58229852  2664.67993 -848.099976
  2.34986544  25.0482521 -847.
  2.10520411 -2618.42627 -845.900024
  1.84849679 -5208.46533 -844.799988
  1.58057165 -7310.25293 -843.700012
  1.30230069 -8493.32715 -842.599976
  1.01383722 -8850.23926 -841.5
  0.714959741 -8516.78223 -840.400024
  0.408145159 -7353.56104 -839.299988
  0.093405664 -5261.55762 -838.200012
 -0.227763653 -2668.69556 -837.099976
 -0.555033684 -14.0392075 -836.
 -0.885835528  2641.35059 -834.900024
 -1.21787441  5236.75635 -833.799988
 -1.54879355  7333.47217 -832.700012
 -1.87706578  8502.9541 -831.599976
 -2.19999003  8843.69629 -830.5
 -2.51490855  8495.7627 -829.400024
 -2.82143235  7324.29004 -828.299988
 -3.11677146  5235.41016 -827.200012
 -3.39865446  2655.62451 -826.099976
 -3.66395998  17.47892 -825.
 -3.91107035 -2622.39282 -823.900024
 -4.13719606 -5206.73389 -822.799988
 -4.33988762 -7300.1582 -821.700012
 -4.51502466 -8472.71777 -820.599976
 -4.66007185 -8818.11816 -819.5
 -4.77261686 -8473.31445 -818.400024
 -4.84833288 -7301.83203 -817.299988
 -4.88612986 -5209.77783 -816.200012
 -4.88506651 -2626.12817 -815.099976
 -4.84568977  14.3403139 -814.
 -4.76838255  2654.31982 -812.900024
 -4.65485954  5236.62939 -811.799988
 -4.50775719  7327.25879 -810.700012
 -4.33137417  8498.4541 -809.599976
 -4.13003874  8844.36426 -808.5
 -3.9073863  8500.69727 -807.400024
 -3.66988325  7328.51758 -806.299988
 -3.42156672  5230.97412 -805.200012
 -3.16630816  2637.23438 -804.099976
 -2.90698147 -15.0919714 -803.
 -2.64715171 -2666.49634 -801.900024
 -2.3895185 -5257.23047 -800.799988
 -2.13561821 -7349.78906 -799.700012
 -1.88591886 -8516.43164 -798.599976
 -1.64074624 -8854.93066 -797.5
 -1.40117538 -8503.58594 -796.400024
 -1.16511667 -7324.76758 -795.299988
 -0.93274498 -5222.24854 -794.200012
 -0.704124928 -2624.46362 -793.099976
 -0.47960493  32.1942711 -792.
 -0.258694321  2688.51392 -790.900024
 -0.0407873616  5283.60254 -789.799988
  0.173692077  7377.26758 -788.700012
  0.383820802  8540.40723 -787.599976
  0.588861048  8872.05176 -786.5
  0.788321614  8511.8418 -785.400024
  0.979644418  7324.0625 -784.299988
  1.1621418  5217.16943 -783.200012
  1.33433819  2623.60181 -782.099976
  1.49531102 -21.1899643 -781.
  1.64311326 -2660.76587 -779.900024
  1.77539575 -5239.12305 -778.799988
  1.8907789 -7325.58691 -777.700012
  1.98821604 -8496.88379 -776.599976
  2.06637979 -8848.56738 -775.5
  2.12429094 -8516.08008 -774.400024
  2.16286874 -7359.74805 -773.299988
  2.1815424 -5278.9668 -772.200012
  2.18042278 -2697.49683 -771.099976
  2.1595633 -51.6963272 -770.
  2.12049842  2598.08105 -768.900024
  2.06476879  5192.27979 -767.799988
  1.99465251  7293.31738 -766.700012
  1.91084206  8470.69043 -765.599976
  1.81600857  8819.80664 -764.5
  1.71261537  8479.24707 -763.400024
  1.60155547  7313.0083 -762.299988
  1.48568618  5225.72461 -761.200012
  1.3679359  2644.20923 -760.099976
  1.25086057  3.10373306 -759.
  1.13616729 -2639.27441 -757.900024
  1.02494395 -5224.43945 -756.799988
  0.918234169 -7316.49316 -755.700012
  0.817081332 -8486.64941 -754.599976
  0.721237421 -8829.76367 -753.5
  0.629953086 -8482.47266 -752.400024
  0.543707967 -7306.85986 -751.299988
  0.460758954 -5207.80908 -750.200012
  0.379527658 -2615.5498 -749.099976
  0.298721194  32.9105873 -748.
  0.218055427  2678.80029 -746.900024
  0.13824147  5262.99658 -745.799988
  0.0601107106  7349.15088 -744.700012
 -0.0154168876  8510.12305 -743.599976
 -0.0853831843  8842.55566 -742.5
 -0.147186115  8483.33887 -741.400024
 -0.19899556  7295.24902 -740.299988
 -0.236531019  5186.79834 -739.200012
 -0.256438643  2592.00781 -738.099976
 -0.255033642 -52.5542564 -737.
 -0.230316341 -2689.98462 -735.900024
 -0.180988058 -5263.38086 -734.799988
 -0.105856046 -7341.06201 -733.700012
 -0.00411809655 -8500.23145 -732.599976
  0.12314482 -8837.23438 -731.5
  0.274260998 -8487.2207 -730.400024
  0.448943675 -7311.16895 -729.299988
  0.643735409 -5213.69043 -728.200012
  0.855136156 -2624.80859 -727.099976
  1.07901573  18.9337845 -726.
  1.31219101  2659.33057 -724.900024
  1.55156302  5238.75928 -723.799988
  1.7928201  7323.97363 -722.700012
  2.03256869  8489.48633 -721.599976
  2.26776195  8830.65234 -720.5
  2.49656272  8483.24316 -719.400024
  2.71491385  7309.20264 -718.299988
  2.92294836  5214.04639 -717.200012
  3.11996818  2627.94043 -716.099976
  3.30675197 -13.0957088 -715.
  3.48338127 -2651.25391 -713.900024
  3.6503458 -5228.92285 -712.799988
  3.80899668 -7312.08838 -711.700012
  3.96071267 -8473.99902 -710.599976
  4.10701656 -8809.46191 -709.5
  4.24812508 -8454.3457 -708.400024
  4.38669872 -7271.56641 -707.299988
  4.52230167 -5169.4375 -706.200012
  4.65498209 -2580.37378 -705.099976
  4.78393126  60.366806 -704.
  4.90927792  2696.1875 -702.900024
  5.03096151  5269.93115 -701.799988
  5.14791155  7348.49512 -700.700012
  5.25941849  8507.07129 -699.599976
  5.36431599  8841.60449 -698.5
  5.46187592  8488.04492 -697.400024
  5.54973841  7308.73633 -696.299988
  5.62757969  5209.97803 -695.200012
  5.69450283  2621.88428 -694.099976
  5.75031853 -20.4768982 -693.
  5.79404306 -2659.8606 -691.900024
  5.82459211 -5238.69287 -690.799988
  5.84182453 -7323.17578 -689.700012
  5.84649038 -8487.74414 -688.599976
  5.83975935 -8828.78027 -687.5
  5.82253456 -8483.58887 -686.400024
  5.79814482 -7315.5 -685.299988
  5.76843691 -5228.89551 -684.200012
  5.73612785 -2649.38892 -683.099976
  5.70335817 -10.1719246 -682.
  5.6731329  2631.20898 -680.900024
  5.64869261  5216.74756 -679.799988
  5.63205004  7310.68066 -678.700012
  5.62344599  8483.76172 -677.599976
  5.62337637  8830.81348 -676.5
  5.63110399  8489.43164 -675.400024
  5.64283228  7322.93506 -674.299988
  5.65687275  5235.32568 -673.200012
  5.66909075  2652.99194 -672.099976
  5.67667866  10.5635357 -671.
  5.67448187 -2633.68823 -669.900024
  5.65825748 -5221.60986 -668.799988
  5.62431526 -7317.69971 -667.700012
  5.5701437 -8493.16699 -666.599976
  5.49394941 -8842.91895 -665.5
  5.3937006 -8504.19531 -664.400024
  5.27160358 -7339.52295 -663.299988
  5.12674093 -5252.01953 -662.200012
  4.96115112 -2668.38501 -661.099976
  4.77525616 -24.3109913 -660.
  4.57130241  2621.34473 -658.900024
  4.35176468  5209.90234 -657.799988
  4.11859846  7304.78809 -656.700012
  3.87252736  8476.54688 -655.599976
  3.61435461  8820.69141 -654.5
  3.34582353  8475.66699 -653.400024
  3.06578851  7306.19287 -652.299988
  2.77513289  5218.37402 -651.200012
  2.47429132  2638.81006 -650.099976
  2.16426778  0.0982104093 -649.
  1.84523404 -2641.15332 -647.900024
  1.51744306 -5227.60742 -646.799988
  1.18176043 -7323.4834 -645.700012
  0.840018928 -8498.59668 -644.599976
  0.494469315 -8847.08984 -643.5
  0.146757856 -8506.44629 -642.400024
 -0.198944688 -7339.94238 -641.299988
 -0.540258527 -5251.69678 -640.200012
 -0.874195039 -2668.56812 -639.099976
 -1.19806564 -25.4307575 -638.
 -1.50828171  2619.8125 -636.900024
 -1.80141115  5209.81299 -635.799988
 -2.07460093  7309.32178 -634.700012
 -2.32555795  8487.86035 -633.599976
 -2.55291414  8838.09375 -632.5
 -2.75437379  8495.52441 -631.400024
 -2.93041062  7321.40527 -630.299988
 -3.07936716  5220.93848 -629.200012
 -3.2010591  2627.03687 -628.099976
 -3.29398084 -21.0332737 -627.
 -3.35852838 -2664.11255 -625.900024
 -3.39507651 -5244.15186 -624.799988
 -3.40306878 -7328.12061 -623.700012
 -3.38218427 -8492.39062 -622.599976
 -3.33186102 -8834.52734 -621.5
 -3.25273871 -8492.10938 -620.400024
 -3.14420271 -7328.51904 -619.299988
 -3.00718307 -5247.19043 -618.200012
 -2.84333587 -2671.5957 -617.099976
 -2.65528798 -33.5989685 -616.
 -2.44577622  2609.91846 -614.900024
 -2.21763515  5201.76465 -613.799988
 -1.97500277  7305.50537 -612.700012
 -1.72325289  8488.69922 -611.599976
 -1.46824193  8844.3418 -610.5
 -1.21474278  8510.50098 -609.400024
 -0.969276786  7351.16064 -608.299988
 -0.736765802  5269.64355 -607.200012
 -0.521744668  2690.73657 -606.099976
 -0.327465743  48.4170074 -605.
 -0.157590255 -2599.48145 -603.900024
 -0.0148504041 -5195.76953 -602.799988
  0.0996478572 -7304.31494 -601.700012
  0.186087325 -8492.50391 -600.599976
  0.244995669 -8852.56543 -599.5
  0.276986748 -8521.31348 -598.400024
  0.28499499 -7360.57812 -597.299988
  0.270647824 -5272.17432 -596.200012
  0.236633956 -2683.50024 -595.099976
  0.184454054 -32.5288544 -594.
  0.1174156  2620.33594 -592.900024
  0.0389629677  5214.78174 -591.799988
 -0.0478866324  7311.75488 -590.700012
 -0.140644059  8481.25488 -589.599976
 -0.236233428  8820.97852 -588.5
 -0.331228942  8471.53809 -587.400024
 -0.42354092  7299.7998 -586.299988
 -0.510114491  5214.09033 -585.200012
 -0.58820945  2640.67505 -584.099976
 -0.654931188  9.88556576 -583.
 -0.708932281 -2623.20703 -581.900024
 -0.749664605 -5202.89111 -580.799988
 -0.777077496 -7295.98096 -579.700012
 -0.790674508 -8472.96387 -578.599976
 -0.791671753 -8825.7627 -577.5
 -0.782436669 -8489.64258 -576.400024
 -0.763909698 -7325.84424 -575.299988
 -0.739020407 -5236.61377 -574.200012
 -0.710780084 -2649.49438 -573.099976
 -0.682936311 -1.85451996 -572.
 -0.658306897  2646.53809 -570.900024
 -0.638876855  5236.74707 -569.799988
 -0.62709713  7332.71484 -568.700012
 -0.625836015  8505.79883 -567.599976
 -0.637109995  8851.03027 -566.5
 -0.661823452  8504.80762 -565.400024
 -0.701992512  7328.79443 -564.299988
 -0.758396208  5228.46777 -563.200012
 -0.8307212  2636.08813 -562.099976
 -0.918433964 -10.2159128 -561.
 -1.020679 -2652.23975 -559.900024
 -1.13646853 -5233.21338 -558.799988
 -1.26460004 -7321.21777 -557.700012
 -1.40174079 -8491.43945 -556.599976
 -1.54563951 -8839.06348 -555.5
 -1.69305301 -8499.98633 -554.400024
 -1.84011817 -7336.12158 -553.299988
 -1.98321283 -5250.73535 -552.200012
 -2.11920786 -2670.23975 -551.099976
 -2.24523473 -29.3178196 -550.
 -2.35812998  2614.4292 -548.900024
 -2.45448089  5204.27051 -547.799988
 -2.53176546  7305.57959 -546.700012
 -2.58830571  8487.90723 -545.599976
 -2.62305808  8844.24414 -544.5
 -2.63487506  8511.60938 -543.400024
 -2.62404609  7352.81055 -542.299988
 -2.59116435  5270.22852 -541.200012
 -2.53613567  2688.93164 -540.099976
 -2.45980477  43.8885422 -539.
 -2.36404204 -2606.31885 -537.900024
 -2.25063133 -5203.36279 -536.799988
 -2.1222229 -7309.36523 -535.700012
 -1.98004806 -8491.5293 -534.599976
 -1.82679725 -8843.75781 -533.5
 -1.66499925 -8504.52734 -532.400024
 -1.49653172 -7337.93311 -531.299988
 -1.32344782 -5248.82129 -530.200012
 -1.14878631 -2664.56714 -529.099976
 -0.975351095 -20.0748463 -528.
 -0.805170655  2626.60767 -526.900024
 -0.64005506  5217.09912 -525.799988
 -0.481107175  7314.59863 -524.700012
 -0.330868185  8489.49121 -523.599976
 -0.190436646  8838.00781 -522.5
 -0.0611463524  8499.87402 -521.400024
  0.0559675656  7340.74219 -520.299988
  0.159636766  5264.93555 -519.200012
  0.249711514  2694.66113 -518.099976
  0.326103002  60.4771042 -517.
  0.387913555 -2581.08008 -515.900024
  0.434112191 -5172.7998 -514.799988
  0.463867486 -7277.11182 -513.700012
  0.477463633 -8458.86621 -512.599976
  0.47461918 -8808.86719 -511.5
  0.454926819 -8463.70605 -510.399994
  0.419887424 -7286.95947 -509.299988
  0.370109588 -5186.29443 -508.200012
  0.306821972 -2594.948 -507.100006
  0.229010567  49.8084602 -506.
  0.139923409  2689.57666 -504.899994
  0.0422971547  5265.81152 -503.799988
 -0.0631532446  7344.76807 -502.700012
 -0.175120473  8502.33301 -501.600006
 -0.292063475  8836.05957 -500.5
 -0.411574364  8482.59277 -499.399994
 -0.534092665  7304.55566 -498.299988
 -0.657154739  5207.4707 -497.200012
 -0.779748738  2620.11646 -496.100006
 -0.897403181 -23.4560318 -495.
 -1.00965929 -2666.27734 -493.899994
 -1.11523163 -5251.18408 -492.799988
 -1.21015167 -7344.13818 -491.700012
 -1.29171085 -8517.24121 -490.600006
 -1.35651278 -8865.47461 -489.5
 -1.4023093 -8525.78809 -488.399994
 -1.4254235 -7361.25537 -487.299988
 -1.42394447 -5275.93994 -486.200012
 -1.39552879 -2696.78687 -485.100006
 -1.34149146 -58.2326584 -484.
 -1.25943804  2582.12451 -482.899994
 -1.1476419  5168.1377 -481.799988
 -1.0082438  7267.34717 -480.700012
 -0.841750026  8450.3457 -479.600006
 -0.650431275  8808.88965 -478.5
 -0.435457319  8478.02246 -477.399994
 -0.200716987  7319.31348 -476.299988
  0.0509605855  5235.53857 -475.200012
  0.315779477  2654.94385 -474.100006
  0.592143059  14.8747063 -473.
  0.874210894 -2624.73535 -471.899994
  1.15608323 -5205.28027 -470.799988
  1.43432975 -7292.78125 -469.700012
  1.70460463 -8460.38574 -468.600006
  1.96253765 -8803.27148 -467.5
  2.20253038 -8457.76953 -466.399994
  2.4217391 -7286.52783 -465.299988
  2.61592555 -5194.17383 -464.200012
  2.78195882 -2608.76245 -463.100006
  2.91460896  34.8454971 -462.
  3.0126543  2678.23535 -460.899994
  3.0759213  5262.44678 -459.799988
  3.10226226  7351.8042 -458.700012
  3.0908978  8519.06543 -457.600006
  3.04213095  8860.99414 -456.5
  2.95777369  8514.99121 -455.399994
  2.83771896  7343.38281 -454.299988
  2.6849277  5249.40137 -453.200012
  2.50107384  2660.66162 -452.100006
  2.29112482  13.135746 -451.
  2.05733848 -2633.96094 -449.899994
  1.7998817 -5221.82764 -448.799988
  1.52395701 -7315.79297 -447.700012
  1.2323209 -8489.36328 -446.600006
  0.927822649 -8839.22656 -445.5
  0.612449348 -8502.77344 -444.399994
  0.29049018 -7342.08301 -443.299988
 -0.0365886949 -5258.30664 -442.200012
 -0.365294605 -2676.14966 -441.100006
 -0.695634127 -30.9878464 -440.
 -1.02404249  2617.53418 -438.899994
 -1.34579182  5210.15283 -437.799988
 -1.66052222  7309.58838 -436.700012
 -1.9657228  8484.72461 -435.600006
 -2.25924587  8830.14062 -434.5
 -2.53846192  8483.35645 -433.399994
 -2.80225134  7308.23877 -432.299988
 -3.04758143  5212.02246 -431.200012
 -3.27400374  2625.96899 -430.100006
 -3.47714877 -14.5776539 -429.
 -3.65705752 -2652.7124 -427.899994
 -3.81506944 -5232.36035 -426.799988
 -3.9487555 -7321.9585 -425.700012
 -4.05873632 -8495.06152 -424.600006
 -4.14541626 -8845.21777 -423.5
 -4.2107048 -8507.17969 -422.399994
 -4.25582075 -7341.66699 -421.299988
 -4.28391695 -5250.89062 -420.200012
 -4.29674816 -2663.05713 -419.100006
 -4.30025864 -15.4124088 -418.
 -4.2960434  2632.45068 -416.899994
 -4.28504229  5221.82275 -415.799988
 -4.27189875  7317.4502 -414.700012
 -4.25916243  8491.48047 -413.600006
 -4.24872494  8840.07227 -412.5
 -4.24137783  8501.02832 -411.399994
 -4.23893642  7337.53369 -410.299988
 -4.24090338  5252.65625 -409.200012
 -4.2480011  2671.99658 -408.100006
 -4.25671625  29.9178371 -407.
 -4.2676115 -2615.12134 -405.899994
 -4.28091574 -5205.12451 -404.799988
 -4.29266405 -7304.70166 -403.700012
 -4.30140972 -8483.6123 -402.600006
 -4.30504799 -8835.58789 -401.5
 -4.30262852 -8497.17871 -400.399994
 -4.29164886 -7330.59229 -399.299988
 -4.27179193 -5239.37842 -398.200012
 -4.24125862 -2652.40601 -397.100006
 -4.20227051 -6.70122147 -396.
 -4.15266514  2638.29297 -394.899994
 -4.0912118  5223.67285 -393.799988
 -4.01966715  7314.03174 -392.700012
 -3.93799758  8481.57129 -391.600006
 -3.84676552  8822.05566 -390.5
 -3.74528027  8472.39746 -389.399994
 -3.63436961  7295.75879 -388.299988
 -3.51371312  5198.68896 -387.200012
 -3.38350534  2611.80811 -386.100006
 -3.24161196 -29.5472679 -385.
 -3.08981824 -2667.62402 -383.899994
 -2.93017483 -5244.33838 -382.799988
 -2.76139975 -7325.87256 -381.700012
 -2.58534503 -8486.72656 -380.600006
 -2.40357232 -8823.4873 -379.5
 -2.2189436 -8473.19824 -378.399994
 -2.03343105 -7299.61133 -377.299988
 -1.85041094 -5208.81543 -376.200012
 -1.67280161 -2628.30347 -375.100006
 -1.50604427  9.26205635 -374.
 -1.35164797  2647.18213 -372.899994
 -1.21079338  5228.1875 -371.799988
 -1.08799231  7318.14453 -370.700012
 -0.984468639  8489.0127 -369.600006
 -0.902000487  8835.81641 -368.5
 -0.839955449  8495.99219 -367.399994
 -0.799051404  7333.19531 -366.299988
 -0.777851939  5250.35596 -365.200012
 -0.775939941  2671.08154 -364.100006
 -0.789227068  27.8907623 -363.
 -0.817354321 -2621.17358 -361.899994
 -0.860002339 -5217.00342 -360.799988
 -0.912442267 -7320.81104 -359.700012
 -0.973520219 -8499.99121 -358.600006
 -1.04051244 -8850.35156 -357.5
 -1.11175632 -8512.23047 -356.399994
 -1.18473423 -7351.53516 -355.299988
 -1.25838149 -5272.03613 -354.200012
 -1.32904208 -2696.21436 -353.100006
 -1.39787519 -55.3255081 -352.
 -1.46137226  2593.03369 -350.899994
 -1.51633441  5189.9458 -349.799988
 -1.56377029  7296.02881 -348.700012
 -1.60175145  8476.80469 -347.600006
 -1.62976563  8826.67871 -346.5
 -1.64686561  8485.58496 -345.399994
 -1.65332878  7319.96777 -344.299988
 -1.64856148  5236.3877 -343.200012
 -1.63442552  2660.69434 -342.100006
 -1.60926127  24.4231815 -341.
 -1.57627058 -2616.19873 -339.899994
 -1.53900051 -5204.42529 -338.799988
 -1.49764621 -7304.57617 -337.700012
 -1.45577395 -8483.93164 -336.600006
 -1.41562819 -8834.33887 -335.5
 -1.38130128 -8492.13867 -334.399994
 -1.35557663 -7320.38867 -333.299988
 -1.34164643 -5224.6665 -332.200012
 -1.34097338 -2635.28589 -331.100006
 -1.35803235  11.506773 -330.
 -1.39217985  2657.44189 -328.899994
 -1.44186246  5244.13232 -327.799988
 -1.50889528  7336.02148 -326.700012
 -1.5906924  8505.19531 -325.600006
 -1.68607807  8848.00586 -324.5
 -1.79103172  8502.2207 -323.399994
 -1.90280092  7331.35449 -322.299988
 -2.01779485  5240.26953 -321.200012
 -2.13363957  2656.53613 -320.100006
 -2.24480438  14.2963572 -319.
 -2.3509748 -2629.09375 -317.899994
 -2.45125246 -5216.8374 -316.799988
 -2.5424664 -7315.27783 -315.700012
 -2.62465715 -8495.17871 -314.600006
 -2.6967001 -8849.45703 -313.5
 -2.75981808 -8513.18066 -312.399994
 -2.81431603 -7346.4834 -311.299988
 -2.86170864 -5250.68359 -310.200012
 -2.90170193 -2655.28687 -309.100006
 -2.93862653  0.00403126935 -308.
 -2.97157741  2653.77319 -306.899994
 -3.00028181  5245.06787 -305.799988
 -3.02786326  7336.54639 -304.700012
 -3.05449653  8502.12305 -303.600006
 -3.08126426  8841.74512 -302.5
 -3.10759616  8495.48926 -301.399994
 -3.13385582  7328.37842 -300.299988
 -3.15936708  5244.79883 -299.200012
 -3.18381476  2668.59424 -298.100006
 -3.20429277  31.195797 -297.
 -3.22121811 -2610.04736 -295.899994
 -3.23453069 -5196.68164 -294.799988
 -3.24027157 -7291.72119 -293.700012
 -3.23835206 -8463.81934 -292.600006
 -3.22623539 -8807.39648 -291.5
 -3.20318842 -8460.64258 -290.399994
 -3.16799521 -7288.79346 -289.299988
 -3.11985135 -5199.06592 -288.200012
 -3.05702758 -2619.35229 -287.100006
 -2.9816587  17.9786568 -286.
 -2.89158487  2656.58325 -284.899994
 -2.78566098  5239.16016 -283.799988
 -2.66612506  7330.29492 -282.700012
 -2.53227186  8499.80469 -281.600006
 -2.38550973  8841.63281 -280.5
 -2.22580719  8492.7998 -279.399994
 -2.05404377  7317.42383 -278.299988
 -1.87091482  5222.56982 -277.200012
 -1.67864656  2637.73657 -276.100006
 -1.47586024 -3.25550699 -275.
 -1.26628888 -2643.43701 -273.899994
 -1.0526824 -5224.79883 -272.799988
 -0.834993839 -7311.89795 -271.700012
 -0.616550803 -8476.79102 -270.600006
 -0.398628175 -8815.98828 -269.5
 -0.184234172 -8468.11719 -268.399994
  0.024952868 -7298.50537 -267.299988
  0.22649239 -5213.04541 -266.200012
  0.42037493 -2636.60181 -265.100006
  0.602198601 -0.074978821 -264.
  0.772472978  2639.82202 -262.899994
  0.93162024  5224.90479 -261.799988
  1.0762912  7318.73389 -260.700012
  1.20599604  8490.98438 -259.600006
  1.31927407  8836.62598 -258.5
  1.4152199  8493.68555 -257.399994
  1.49246287  7326.0791 -256.299988
  1.54955053  5237.7041 -255.199997
  1.58541489  2654.27954 -254.100006
  1.60093987  9.27491093 -253.
  1.59482694 -2639.21851 -251.899994
  1.56590939 -5232.52197 -250.800003
  1.516734 -7333.70117 -249.699997
  1.44947731 -8512.08301 -248.600006
  1.36632383 -8863.625 -247.5
  1.27000093 -8527.45508 -246.399994
  1.16354537 -7368.26221 -245.300003
  1.05257225 -5289.271 -244.199997
  0.940053642 -2714.41187 -243.100006
  0.829625726 -76.1549988 -242.
  0.726480961  2568.04663 -240.899994
  0.636620581  5161.5791 -239.800003
  0.562603354  7269.64355 -238.699997
  0.507641435  8458.94922 -237.600006
  0.474539727  8820.30859 -236.5
  0.46583277  8489.2207 -235.399994
  0.483164251  7327.14697 -234.300003
  0.524952531  5236.52637 -233.199997
  0.591767907  2647.13403 -232.100006
  0.683505595 -2.14712572 -231.
  0.796656072 -2650.59033 -229.899994
  0.926807821 -5238.49316 -228.800003
  1.07166803 -7330.23047 -227.699997
  1.22868967 -8498.81836 -226.600006
  1.39331019 -8841.65332 -225.5
  1.56189334 -8496.64941 -224.399994
  1.73020267 -7327.27686 -223.300003
  1.89687502 -5237.98633 -222.199997
  2.0572331 -2655.95728 -221.100006
  2.20834494 -14.9721909 -220.
  2.34966898  2627.3667 -218.899994
  2.48172116  5213.49365 -217.800003
  2.6026175  7308.60059 -216.699997
  2.71155596  8482.94043 -215.600006
  2.80928612  8830.74414 -214.5
  2.89669657  8489.06348 -213.399994
  2.97452521  7321.85547 -212.300003
  3.04141307  5235.021 -211.199997
  3.09931803  2657.20898 -210.100006
  3.14843154  22.4518261 -209.
  3.18711138 -2612.04297 -207.899994
  3.21237469 -5189.99756 -206.800003
  3.22473049 -7279.61914 -205.699997
  3.22213387 -8452.89258 -204.600006
  3.202142 -8802.15723 -203.5
  3.16241312 -8461.7207 -202.399994
  3.10043216 -7292.81494 -201.300003
  3.01602101 -5199.41699 -200.199997
  2.9057405 -2611.74927 -199.100006
  2.76785159  33.1133995 -198.
  2.60346055  2676. -196.899994
  2.41442847  5258.24365 -195.800003
  2.19989157  7345.58154 -194.699997
  1.96170104  8511.87402 -193.600006
  1.70278621  8853.96582 -192.5
  1.42639267  8508.80664 -191.399994
  1.13653207  7338.50488 -190.300003
  0.835249603  5245.48779 -189.199997
  0.528650105  2656.24463 -188.100006
  0.221718416  5.86950111 -187.
 -0.0829380602 -2646.46167 -185.899994
 -0.382693499 -5240.84961 -184.800003
 -0.672420442 -7339.30371 -183.699997
 -0.948712885 -8512.20117 -182.600006
 -1.20902407 -8857.30664 -181.5
 -1.45110679 -8514.23047 -180.399994
 -1.67329359 -7347.52637 -179.300003
 -1.87244904 -5261.00439 -178.199997
 -2.04822803 -2679.82324 -177.100006
 -2.20058656 -36.7992668 -176.
 -2.32737064  2610.53491 -174.899994
 -2.42638755  5204.31152 -173.800003
 -2.49892497  7307.64014 -172.699997
 -2.54471588  8487.5625 -171.600006
 -2.5638864  8837.41699 -170.5
 -2.5567553  8494.73047 -169.399994
 -2.52359605  7323.57666 -168.300003
 -2.46698523  5230.14648 -167.199997
 -2.38701606  2644.41016 -166.100006
 -2.28424811  1.43273401 -165.
 -2.1614387 -2641.09888 -163.899994
 -2.02194619 -5225.26562 -162.800003
 -1.86597621 -7315.91162 -161.699997
 -1.69559991 -8484.00488 -160.600006
 -1.51264548 -8824.38867 -159.5
 -1.31899869 -8473.35742 -158.399994
 -1.11714542 -7293.34375 -157.300003
 -0.907414556 -5190.3623 -156.199997
 -0.692376792 -2596.45435 -155.100006
 -0.474711597  51.5307655 -154.
 -0.254166812  2694.92065 -152.899994
 -0.0309048723  5274.65039 -151.800003
  0.192534924  7356.28564 -150.699997
  0.415803701  8515.18848 -149.600006
  0.637857735  8849.3877 -148.5
  0.857681632  8495.46094 -147.399994
  1.07537949  7315.10205 -146.300003
  1.28838587  5212.65918 -145.199997
  1.49639702  2618.11572 -144.100006
  1.69936395 -32.4596329 -143.
  1.89433455 -2680.51562 -141.899994
  2.07835054 -5266.9502 -140.800003
  2.2511704 -7355.90381 -139.699997
  2.41017294 -8520.26172 -138.600006
  2.55364108 -8857.47559 -137.5
  2.67968154 -8505.25781 -136.399994
  2.78538799 -7327.41162 -135.300003
  2.87088895 -5231.11475 -134.199997
  2.93356538 -2647.03271 -133.100006
  2.97149062 -9.2544632 -132.
  2.9858284  2625.98242 -130.899994
  2.97778487  5203.25684 -129.800003
  2.94630933  7291.8999 -128.699997
  2.89269996  8465.11621 -127.599998
  2.82020164  8815.7168 -126.5
  2.72787213  8478.45703 -125.400002
  2.62140465  7315.26709 -124.300003
  2.49985933  5229.9292 -123.199997
  2.36735773  2650.26709 -122.099998
  2.22743082  11.3240976 -121.
  2.08139467 -2628.90454 -119.900002
  1.93009543 -5213.3999 -118.800003
  1.77767575 -7308.54199 -117.699997
  1.62643778 -8484.88184 -116.599998
  1.47684944 -8835.3125 -115.5
  1.33332837 -8495.15332 -114.400002
  1.19466841 -7325.73682 -113.300003
  1.0659827 -5230.45605 -112.199997
  0.94769901 -2639.27222 -111.099998
  0.840304196  10.2342072 -110.
  0.747213066  2658.69238 -108.900002
  0.671661496  5247.43506 -107.800003
  0.613039374  7341.57275 -106.699997
  0.573336899  8514.13574 -105.599998
  0.555138886  8862.22168 -104.5
  0.556714535  8524.10156 -103.400002
  0.581542313  7363.46484 -102.300003
  0.626513183  5283.10059 -101.199997
  0.691830218  2706.84619 -100.099998
  0.777831495  66.9793167 -99.
  0.880951762 -2579.46362 -97.9000015
  0.99749583 -5175.61328 -96.8000031
  1.12640619 -7284.51514 -95.6999969
  1.2651273 -8470.61523 -94.5999985
  1.4088304 -8825.11328 -93.5
  1.5572896 -8485.58594 -92.4000015
  1.7048378 -7316.96729 -91.3000031
  1.85163665 -5226.27197 -90.1999969
  1.99496925 -2643.06665 -89.0999985
  2.13136506 -1.44633114 -88.
  2.26115727  2641.677 -86.9000015
  2.38482571  5228.86865 -85.8000031
  2.50024915  7324.33008 -84.6999969
  2.60696435  8497.44043 -83.5999985
  2.70740604  8842.62109 -82.5
  2.79915547  8497.15039 -81.4000015
  2.88619709  7324.13184 -80.3000031
  2.96654797  5228.07178 -79.1999969
  3.04226756  2637.58887 -78.0999985
  3.11617708 -11.9174747 -77.
  3.18788671 -2661.96875 -75.9000015
  3.25701571 -5253.6416 -74.8000031
  3.32657862 -7350.64746 -73.6999969
  3.39805198 -8524.82324 -72.5999985
  3.47046447 -8873.72656 -71.5
  3.54786801 -8536.43457 -70.4000015
  3.62862396 -7376.54346 -69.3000031
  3.71647763 -5295.41895 -68.1999969
  3.81187344 -2715.80029 -67.0999985
  3.91405797 -70.7750473 -66.
  4.02534342  2581.13257 -64.9000015
  4.147717  5181.24268 -63.7999992
  4.2791276  7291.00098 -62.7000008
  4.41794825  8476.09473 -61.5999985
  4.56614113  8830.30664 -60.5
  4.7185626  8492.65527 -59.4000015
  4.87558222  7328.18896 -58.2999992
  5.03128767  5242.36963 -57.2000008
  5.1822958  2662.58545 -56.0999985
  5.32660866  22.9072495 -55.
  5.4579463 -2618.92358 -53.9000015
  5.56991243 -5205.28125 -52.7999992
  5.65968466 -7300.92188 -51.7000008
  5.7243638 -8475.22754 -50.5999985
  5.75674629 -8821.09375 -49.5
  5.75759077 -8473.83984 -48.4000015
  5.72229624 -7294.75635 -47.2999992
  5.65271807 -5189.42432 -46.2000008
  5.54889774 -2591.73242 -45.0999985
  5.41028452  58.9567871 -44.
  5.24094343  2702.96997 -42.9000015
  5.04606485  5281.04834 -41.7999992
  4.82738972  7359.52832 -40.7000008
  4.58830976  8515.65332 -39.5999985
  4.33594751  8848.02344 -38.5
  4.0714674  8492.9707 -37.4000015
  3.80146074  7312.24658 -36.2999992
  3.52688861  5211.49121 -35.2000008
  3.2510879  2621.70605 -34.0999985
  2.9789834 -21.215889 -33.
  2.71138811 -2659.63135 -31.8999996
  2.44870567 -5236.65479 -30.7999992
  2.19419694 -7321.08838 -29.7000008
  1.95047092 -8488.83594 -28.6000004
  1.71553969 -8835.28809 -27.5
  1.49361765 -8495.56836 -26.3999996
  1.28229463 -7330.53662 -25.2999992
  1.08465052 -5242.25244 -24.2000008
  0.900212705 -2657.91528 -23.1000004
  0.726298749 -13.7550163 -22.
  0.563558757  2630.9436 -20.8999996
  0.412024349  5217.69092 -19.7999992
  0.268546581  7311.42773 -18.7000008
  0.129958943  8483.53125 -17.6000004
 -0.00231825188  8828.93848 -16.5
 -0.133568957  8484.49707 -15.3999996
 -0.262013048  7313.4873 -14.3000002
 -0.391827166  5221.91162 -13.1999998
 -0.522712946  2639.51294 -12.1000004
 -0.652836442  1.07581449 -11.
 -0.782658696 -2636.44971 -9.89999962
 -0.912679315 -5217.26953 -8.80000019
 -1.03875732 -7309.875 -7.69999981
 -1.15775359 -8486.37207 -6.5999999
 -1.27007723 -8838.91211 -5.5
 -1.36934936 -8501.56934 -4.4000001
 -1.45627451 -7334.66504 -3.29999995
 -1.52466691 -5240.94922 -2.20000005
 -1.57364893 -2650.61914 -1.10000002
 -1.60275221 -1.95128465  0.
 -1.60943198  2645.69067  1.10000002
 -1.59179044  5234.55127  2.20000005
 -1.5514729  7330.89941  3.29999995
 -1.49048495  8507.16895  4.4000001
 -1.40686429  8858.18945  5.5
 -1.30635452  8519.9043  6.5999999
 -1.1881969  7353.33691  7.69999981
 -1.05855584  5260.71973  8.80000019
 -0.920208335  2670.80176  9.89999962
 -0.774880946  21.1231823  11.
 -0.628321886 -2628.93799  12.1000004
 -0.485780388 -5221.19775  13.1999998
 -0.349283189 -7320.40723  14.3000002
 -0.22164771 -8497.14355  15.3999996
 -0.108974472 -8845.9209  16.5
 -0.0106868036 -8503.12598  17.6000004
  0.067956388 -7330.66748  18.7000008
  0.128719807 -5233.15918  19.7999992
  0.170029342 -2641.74585  20.8999996
  0.190526024  5.90537214  22.
  0.192400753  2650.79297  23.1000004
  0.17863223  5234.52881  24.2000008
  0.149157435  7322.82764  25.2999992
  0.105463341  8489.48145  26.3999996
  0.0530214272  8831.14648  27.5
 -0.00864280853  8484.96777  28.6000004
 -0.0738710165  7313.7998  29.7000008
 -0.143177599  5221.90576  30.7999992
 -0.213077694  2636.66504  31.8999996
 -0.279828757 -7.53749275  33.
 -0.343139023 -2652.49512  34.0999985
 -0.402768373 -5239.30029  35.2000008
 -0.455332011 -7331.49365  36.2999992
 -0.499458611 -8500.45703  37.4000015
 -0.537482202 -8843.08496  38.5
 -0.566702783 -8498.35156  39.5999985
 -0.590560496 -7331.12207  40.7000008
 -0.607380331 -5246.2124  41.7999992
 -0.619226754 -2668.36548  42.9000015
 -0.63012135 -29.1687698  44.
 -0.640161812  2614.62402  45.0999985
 -0.64981693  5205.47754  46.2000008
 -0.663257897  7306.71191  47.2999992
 -0.682817578  8485.70215  48.4000015
 -0.707245469  8835.81836  49.5
 -0.740313411  8494.98535  50.5999985
 -0.779031754  7327.70361  51.7000008
 -0.826632082  5239.60889  52.7999992
 -0.881323874  2658.39478  53.9000015
 -0.939984322  17.9312725  55.
 -1.00282609 -2624.19458  56.0999985
 -1.06969666 -5209.94678  57.2000008
 -1.1364032 -7303.42529  58.2999992
 -1.20043492 -8474.68262  59.4000015
 -1.26275933 -8818.56641  60.5
 -1.31895256 -8472.68555  61.5999985
 -1.3708905 -7300.91748  62.7000008
 -1.4146291 -5208.72754  63.7999992
 -1.45054209 -2624.12915  64.9000015
 -1.48053396  18.7783356  66.
 -1.50309598  2662.21875  67.0999985
 -1.51729155  5247.69531  68.1999969
 -1.52562976  7339.04004  69.3000031
 -1.52964962  8506.61719  70.4000015
 -1.52816343  8845.22949  71.5
 -1.52525592  8491.05859  72.5999985
 -1.51924264  7306.27881  73.6999969
 -1.51366651  5198.10059  74.8000031
 -1.50911713  2600.98486  75.9000015
 -1.50458539 -47.3196068  77.
 -1.50216687 -2688.86084  78.0999985
 -1.50366104 -5266.12451  79.1999969
 -1.50719523 -7347.25488  80.3000031
 -1.51154029 -8509.52832  81.4000015
 -1.51863694 -8850.98438  82.5
 -1.52429962 -8508.97266  83.5999985
 -1.53020835 -7347.08984  84.6999969
 -1.53275764 -5268.85498  85.8000031
 -1.53092349 -2697.64453  86.9000015
 -1.52498031 -64.3124084  88.
 -1.51222312  2574.92749  89.0999985
 -1.49011207  5164.25146  90.1999969
 -1.45955443  7269.30762  91.3000031
 -1.42077494  8456.67676  92.4000015
 -1.37105632  8817.09766  93.5
 -1.31360471  8487.28223  94.5999985
 -1.24616635  7331.11865  95.6999969
 -1.17154717  5252.1582  96.8000031
 -1.09013271  2675.98389  97.9000015
 -1.00144053  36.5316887  99.
 -0.907969952 -2608.14014  100.099998
 -0.812550008 -5200.64062  101.199997
 -0.714801192 -7305.37402  102.300003
 -0.61520642 -8489.92676  103.400002
 -0.518107653 -8846.61328  104.5
 -0.421972871 -8511.68164  105.599998
 -0.331256151 -7346.82422  106.699997
 -0.246048823 -5254.6167  107.800003
 -0.167765811 -2664.40112  108.900002
 -0.100060597 -14.4514713  110.
 -0.0426954702  2635.12939  111.099998
  0.00520678936  5225.50146  112.199997
  0.0419349186  7321.61328  113.300003
  0.0665310994  8495.52246  114.400002
  0.0829049274  8842.82617  115.5
  0.0893071219  8500.01074  116.599998
  0.0897833183  7328.94189  117.699997
  0.0844779462  5234.04199  118.800003
  0.0755321905  2646.00537  119.900002
  0.0665030256  1.97676015  121.
  0.0571792834 -2639.5188  122.099998
  0.0475170128 -5221.40186  123.199997
  0.0391375683 -7311.47803  124.300003
  0.033435531 -8483.51855  125.400002
  0.0265916325 -8832.21973  126.5
  0.0210959017 -8493.27051  127.599998
  0.0124266408 -7328.35791  128.699997
  0.000663274375 -5239.9917  129.800003
 -0.0161847938 -2654.92529  130.899994
 -0.0416790545 -8.21465302  132.
 -0.0766404644  2641.65845  133.100006
 -0.12121471  5236.18506  134.199997
 -0.178007811  7337.89453  135.300003
 -0.24939625  8514.42969  136.399994
 -0.334746808  8860.15527  137.5
 -0.435878187  8512.75098  138.600006
 -0.55307883  7336.08057  139.699997
 -0.686597049  5237.07568  140.800003
 -0.837005556  2647.42065  141.899994
 -1.00281954  2.79841709  143.
 -1.18496418 -2639.54614  144.100006
 -1.38446248 -5222.73486  145.199997
 -1.59939945 -7313.60498  146.300003
 -1.82824051 -8484.76074  147.399994
 -2.07137918 -8831.06055  148.5
 -2.3266573 -8488.75  149.600006
 -2.5929141 -7320.36865  150.699997
 -2.868613 -5230.01611  151.800003
 -3.15179062 -2645.87134  152.899994
 -3.44199538 -3.07096195  154.
 -3.73639107  2639.95361  155.100006
 -4.0313592  5224.92822  156.199997
 -4.32622099  7316.98145  157.300003
 -4.61947107  8487.86133  158.399994
 -4.90786982  8833.09863  159.5
 -5.18994808  8489.6748  160.600006
 -5.46364164  7320.1875  161.699997
 -5.72712517  5227.91992  162.800003
 -5.97870159  2640.16089  163.899994
 -6.21509743 -7.89243555  165.
 -6.43626976 -2657.14893  166.100006
 -6.64189386 -5247.69531  167.199997
 -6.82928038 -7341.74609  168.300003
 -6.99574757 -8510.31055  169.399994
 -7.14075708 -8851.72852  170.5
 -7.26185465 -8506.44336  171.600006
 -7.3567028 -7340.99316  172.699997
 -7.42286777 -5261.24072  173.800003
 -7.45796537 -2690.71045  174.899994
 -7.46160984 -58.6623917  176.
 -7.43060541  2579.51685  177.100006
 -7.36234426  5167.88086  178.199997
 -7.25737095  7271.27734  179.300003
 -7.11675072  8455.31445  180.399994
 -6.94007778  8810.2334  181.5
 -6.72897625  8472.09766  182.600006
 -6.48574209  7304.83594  183.699997
 -6.21309423  5215.30664  184.800003
 -5.91331434  2634.43042  185.899994
 -5.58749533 -2.42143345  187.
 -5.23946381 -2637.99609  188.100006
 -4.87302351 -5216.13965  189.199997
 -4.48957825 -7305.10449  190.300003
 -4.08930826 -8477.24512  191.399994
 -3.67586946 -8825.50391  192.5
 -3.25081968 -8484.9541  193.600006
 -2.81620097 -7318.19336  194.699997
 -2.37367487 -5230.45605  195.800003
 -1.92606127 -2650.66504  196.899994
 -1.47838759 -13.1158524  198.
 -1.03273606  2625.48389  199.100006
 -0.591819465  5209.62549  200.199997
 -0.161035642  7307.14502  201.300003
  0.252725512  8488.20996  202.399994
  0.645488918  8844.50098  203.5
  1.01118791  8511.00586  204.600006
  1.34407818  7349.2002  205.699997
  1.63801217  5261.32227  206.800003
  1.88786912  2675.24756  207.899994
  2.09135985  27.7992706  209.
  2.24324322 -2621.46094  210.100006
  2.34023428 -5213.56104  211.199997
  2.3820765 -7311.73438  212.300003
  2.37095737 -8485.30273  213.399994
  2.3072865 -8829.16602  214.5
  2.19444656 -8480.45605  215.600006
  2.03732681 -7302.4917  216.699997
  1.84176433 -5202.46191  217.800003
  1.61313248 -2613.20312  218.899994
  1.35639405  28.6773262  220.
  1.07988524  2665.29541  221.100006
  0.79117316  5239.39502  222.199997
  0.495678186  7319.52734  223.300003
  0.197454497  8481.80078  224.399994
 -0.0967940986  8822.16797  225.5
 -0.383158773  8476.03516  226.600006
 -0.657883406  7305.44678  227.699997
 -0.918778777  5214.9165  228.800003
 -1.16239083  2632.87036  229.899994
 -1.38597918 -6.16885853  231.
 -1.58991313 -2644.55713  232.100006
 -1.77469218 -5225.28711  233.199997
 -1.93854237 -7315.69873  234.300003
 -2.08028674 -8488.41895  235.399994
 -2.20165753 -8837.57324  236.5
 -2.30248475 -8498.78809  237.600006
 -2.38235641 -7333.87988  238.699997
 -2.44142771 -5245.66211  239.800003
 -2.48011231 -2661.66431  240.899994
 -2.49999285 -17.6997356  242.
 -2.49940205  2627.1062  243.100006
 -2.47783613  5213.94238  244.199997
 -2.43655205  7306.94238  245.300003
 -2.37735796  8476.80762  246.399994
 -2.29989719  8818.92871  247.5
 -2.20601249  8470.62988  248.600006
 -2.09806705  7295.7124  249.699997
 -1.97864985  5200.68604  250.800003
 -1.85006964  2615.5105  251.899994
 -1.71361005 -25.3182697  253.
 -1.57405722 -2664.38208  254.100006
 -1.43525195 -5243.98877  255.199997
 -1.29858589 -7330.26123  256.299988
 -1.16611743 -8496.07422  257.399994
 -1.04039812 -8836.52539  258.5
 -0.922754645 -8487.50195  259.600006
 -0.813978791 -7311.06885  260.700012
 -0.715011239 -5212.53369  261.799988
 -0.625333488 -2622.40063  262.899994
 -0.547149122  23.0754795  264.
 -0.478601515  2665.61841  265.100006
 -0.417343825  5246.99414  266.200012
 -0.36545974  7333.05371  267.299988
 -0.320719957  8497.92383  268.399994
 -0.282185704  8838.33887  269.5
 -0.248318151  8491.57617  270.600006
 -0.218301922  7321.03027  271.700012
 -0.189260915  5231.4873  272.799988
 -0.16034852  2649.54126  273.899994
 -0.127130657  8.211833  275.
 -0.0878515318 -2635.50659  276.100006
 -0.0419685878 -5224.05225  277.200012
  0.0161875747 -7321.18066  278.299988
  0.0887028202 -8495.50293  279.399994
  0.178660318 -8840.81641  280.5
  0.288859367 -8494.53516  281.600006
  0.422646254 -7320.75146  282.700012
  0.581061602 -5225.9751  283.799988
  0.766872525 -2639.54541  284.899994
  0.9784711  4.27921772  286.
  1.21684158  2648.47583  287.100006
  1.48238003  5235.4751  288.200012
  1.76988757  7329.7627  289.299988
  2.07627368  8501.95801  290.399994
  2.39673805  8847.19531  291.5
  2.72516084  8503.07715  292.600006
  3.05416322  7333.12207  293.700012
  3.37764978  5241.80664  294.799988
  3.68658376  2656.31665  295.899994
  3.97579718  11.0251513  297.
  4.23657608 -2635.90698  298.100006
  4.46053028 -5225.56885  299.200012
  4.64331484 -7320.63525  300.299988
  4.77939749 -8490.78516  301.399994
  4.86459064 -8831.62109  302.5
  4.89528704 -8481.05176  303.600006
  4.87037325 -7302.9292  304.700012
  4.78825951 -5203.98633  305.799988
  4.65010881 -2614.77466  306.899994
  4.45543623  29.2960491  308.
  4.20847273  2670.21021  309.100006
  3.91529965  5249.4209  310.200012
  3.57794237  7332.70166  311.299988
  3.20368767  8494.99316  312.399994
  2.79901695  8833.67969  313.5
  2.37175512  8485.77539  314.600006
  1.92898393  7313.42725  315.700012
  1.47997034  5219.46484  316.799988
  1.03201199  2630.1687  317.899994
  0.594856739 -19.6497593  319.
  0.174855262 -2670.94336  320.100006
 -0.223458096 -5263.39697  321.200012
 -0.591861486 -7358.01758  322.299988
 -0.926379561 -8524.84668  323.399994
 -1.22350276 -8861.41016  324.5
 -1.48120391 -8506.7627  325.600006
 -1.69719028 -7325.39111  326.700012
 -1.87252533 -5224.771  327.799988
 -2.00691485 -2635.55835  328.899994
 -2.10419869  7.65949011  330.
 -2.16484952  2647.87891  331.100006
 -2.18936038  5227.81152  332.200012
 -2.18270326  7314.1875  333.299988
 -2.14630556  8480.86133  334.399994
 -2.08245659  8823.36035  335.5
 -1.99251449  8478.09277  336.600006
 -1.87894404  7308.22803  337.700012
 -1.74194205  5219.64551  338.799988
 -1.58344841  2641.03223  339.899994
 -1.40218556  6.39180136  341.
 -1.20087254 -2627.49048  342.100006
 -0.982664227 -5204.74219  343.200012
 -0.74693048 -7293.44775  344.299988
 -0.497432113 -8464.96484  345.399994
 -0.237010911 -8810.5293  346.5
  0.0297925994 -8463.75098  347.600006
  0.298524916 -7286.02783  348.700012
  0.563381612 -5184.54395  349.799988
  0.819424748 -2593.58545  350.899994
  1.0585444  49.0424271  352.
  1.27673757  2685.49731  353.100006
  1.47063625  5258.70166  354.200012
  1.63304412  7337.09814  355.299988
  1.76235914  8497.07129  356.399994
  1.8557893  8834.5918  357.5
  1.91325593  8484.91211  358.600006
  1.93533576  7309.60059  359.700012
  1.92518938  5213.16992  360.799988
  1.8856194  2624.6875  361.899994
  1.82424474 -20.3112774  363.
  1.74537587 -2663.28833  364.100006
  1.65395749 -5244.99414  365.200012
  1.55911267 -7329.51758  366.299988
  1.46669006 -8490.25195  367.399994
  1.38317418 -8824.87012  368.5
  1.31267762 -8471.61328  369.600006
  1.26026416 -7294.92383  370.700012
  1.22776842 -5201.48291  371.799988
  1.21698689 -2619.09717  372.899994
  1.22559702  19.6879654  374.
  1.25386989  2658.30469  375.100006
  1.30107093  5239.58789  376.200012
  1.36205637  7329.78955  377.299988
  1.43352795  8501.2002  378.399994
  1.51167202  8848.31152  379.5
  1.59362972  8507.15918  380.600006
  1.6754235  7339.49121  381.700012
  1.75468946  5248.1582  382.799988
  1.82821333  2660.75391  383.899994
  1.89607835  13.3824177  385.
  1.95510578 -2635.00562  386.100006
  2.00254512 -5225.83252  387.200012
  2.03933048 -7322.89355  388.299988
  2.06486678 -8496.46191  389.399994
  2.07913756 -8841.60449  390.5
  2.08150411 -8495.71777  391.600006
  2.07344961 -7322.3584  392.700012
  2.05560303 -5227.79053  393.799988
  2.02997565 -2642.01465  394.899994
  1.996966 -0.114788853  396.
  1.96033502  2640.51709  397.100006
  1.92486286  5222.4834  398.200012
  1.89102793  7311.46973  399.299988
  1.8627032  8479.32324  400.399994
  1.8423326  8820.72852  401.5
  1.83375823  8472.28027  402.600006
  1.83870792  7297.48145  403.700012
  1.85952091  5203.10449  404.799988
  1.89714217  2619.13354  405.899994
  1.95456219 -19.8173695  407.
  2.03007913 -2656.31128  408.100006
  2.12133503 -5232.61182  409.200012
  2.22977924 -7315.02246  410.299988
  2.35266423 -8477.00195  411.399994
  2.48828149 -8813.49414  412.5
  2.6329987 -8459.89648  413.600006
  2.78448534 -7278.31006  414.700012
  2.93957949 -5175.80664  415.799988
  3.09529996 -2585.21997  416.899994
  3.2469089  56.7879868  418.
  3.39396262  2692.34473  419.100006
  3.53579521  5263.98535  420.200012
  3.66761661  7340.34619  421.299988
  3.78888249  8498.66504  422.399994
  3.89755607  8835.09375  423.5
  3.99319291  8484.35742  424.600006
  4.07418776  7307.59131  425.700012
  4.13998365  5210.0249  426.799988
  4.18927431  2622.37598  427.899994
  4.22353172 -19.2952805  429.
  4.24016333 -2657.21924  430.100006
  4.23796654 -5234.25244  431.200012
  4.22040844 -7317.97803  432.299988
  4.18741274 -8482.73535  433.399994
  4.14182758 -8823.42578  434.5
  4.08524895 -8475.61133  435.600006
  4.02117825 -7301.82178  436.700012
  3.95279765 -5208.02832  437.799988
  3.88380122 -2623.92676  438.899994
  3.81556582  15.8085041  440.
  3.7532568  2654.0481  441.100006
  3.70016837  5233.91357  442.200012
  3.6549778  7322.40381  443.299988
  3.6189456  8492.38965  444.399994
  3.59007621  8838.27051  445.5
  3.56795883  8496.01367  446.600006
  3.54902506  7327.94092  447.700012
  3.52973151  5238.0127  448.799988
  3.50547624  2653.94775  449.899994
  3.47404218  10.809166  451.
  3.42801571 -2633.39038  452.100006
  3.36213756 -5221.23926  453.200012
  3.27454638 -7318.26855  454.299988
  3.16102529 -8495.05469  455.399994
  3.01952171 -8845.08398  456.5
  2.84636807 -8504.06348  457.600006
  2.64124417 -7333.49756  458.700012
  2.40379977 -5237.51855  459.799988
  2.134269 -2647.06616  460.899994
  1.83305001 -0.347486228  462.
  1.50377154  2643.16528  463.100006
  1.15079784  5225.16211  464.200012
  0.775237978  7312.43311  465.299988
  0.381448895  8480.02246  466.399994
 -0.0261733513  8824.41895  467.5
 -0.44145599  8482.15527  468.600006
 -0.860511482  7315.48682  469.700012
 -1.27791119  5227.77686  470.799988
 -1.68855786  2645.75439  471.899994
 -2.0866642  4.15957832  473.
 -2.46943974 -2638.62036  474.100006
 -2.83488345 -5224.36182  475.200012
 -3.17757058 -7317.58057  476.299988
 -3.49530888 -8488.80566  477.399994
 -3.78596163 -8832.4209  478.5
 -4.04951143 -8485.13086  479.600006
 -4.28417683 -7310.10986  480.700012
 -4.49033785 -5213.61963  481.799988
 -4.66728973 -2626.03003  482.899994
 -4.81728506  17.2536201  484.
 -4.9392519  2658.45239  485.100006
 -5.03246164  5239.16162  486.200012
 -5.1007843  7323.75098  487.299988
 -5.14547443  8484.24219  488.399994
 -5.16847181  8816.45312  489.5
 -5.1709609  8457.36914  490.600006
 -5.15587664  7271.03711  491.700012
 -5.12503242  5166.71826  492.799988
 -5.08110857  2576.96753  493.899994
 -5.02497673 -63.9990654  495.
 -4.95987606 -2699.93115  496.100006
 -4.88907814 -5273.53809  497.200012
 -4.8112483 -7351.95703  498.299988
 -4.72773123 -8510.88379  499.399994
 -4.63820744 -8847.19434  500.5
 -4.54458046 -8497.44336  501.600006
 -4.44576073 -7324.19678  502.700012
 -4.34177828 -5231.56445  503.799988
 -4.2324543 -2646.19897  504.899994
 -4.1186552 -1.78236365  506.
 -3.99936438  2644.01782  507.100006
 -3.87320089  5233.021  508.200012
 -3.74298263  7329.36523  509.299988
 -3.60965323  8503.76172  510.399994
 -3.47436905  8851.5957  511.5
 -3.33738637  8510.43262  512.599976
 -3.20069194  7342.8877  513.700012
 -3.06545019  5251.97314  514.799988
 -2.93229556  2664.46777  515.900024
 -2.80218339  16.375967  517.
 -2.67572761 -2633.01855  518.099976
 -2.55305576 -5224.19385  519.200012
 -2.43293738 -7319.60596  520.299988
 -2.31352639 -8490.04004  521.400024
 -2.19424415 -8831.75  522.5
 -2.07377696 -8482.64062  523.599976
 -1.95105338 -7305.73486  524.700012
 -1.82517755 -5206.80176  525.799988
 -1.69661283 -2616.073  526.900024
 -1.56491089  30.1919918  528.
 -1.43065178  2673.78125  529.099976
 -1.29510689  5256.04834  530.200012
 -1.16057873  7341.39307  531.299988
 -1.0299058  8503.12305  532.400024
 -0.904937029  8837.92773  533.5
 -0.787438273  8483.19922  534.599976
 -0.6797719  7302.60596  535.700012
 -0.583893716  5203.8877  536.799988
 -0.500589848  2617.49927  537.900024
 -0.431465983 -22.4794674  539.
 -0.377159745 -2659.85571  540.099976
 -0.338287741 -5238.18262  541.200012
 -0.314510465 -7324.81592  542.299988
 -0.304464787 -8493.90137  543.400024
 -0.307949185 -8840.59277  544.5
 -0.324734211 -8501.37891  545.599976
 -0.35334444 -7338.44385  546.700012
 -0.393246233 -5253.96387  547.799988
 -0.443332464 -2672.51392  548.900024
 -0.50236845 -28.5631828  550.
 -0.568357944  2619.07812  551.099976
 -0.639941871  5211.19873  552.200012
 -0.71603781  7309.72412  553.299988
 -0.79538703  8483.65039  554.400024
 -0.875764966  8828.6123  555.5
 -0.954519153  8483.85352  556.599976
 -1.0292722  7314.80615  557.700012
 -1.0978471  5228.23047  558.799988
 -1.15698802  2650.92407  559.900024
 -1.2048229  15.1695633  561.
 -1.23960912 -2623.03662  562.099976
 -1.25932276 -5207.77148  563.200012
 -1.26240706 -7305.39795  564.299988
 -1.24707079 -8485.73828  565.400024
 -1.21308565 -8840.64551  566.5
 -1.16091013 -8505.53027  567.599976
 -1.09013021 -7341.52197  568.700012
 -1.00148737 -5250.73389  569.799988
 -0.895828009 -2661.08789  570.900024
 -0.773887277 -10.4541426  572.
 -0.635728419  2641.06592  573.099976
 -0.482180446  5233.61084  574.200012
 -0.3150056  7329.39648  575.299988
 -0.136023238  8499.60449  576.400024
  0.0529687442  8841.42676  577.5
  0.251016825  8493.74707  578.599976
  0.454816043  7320.54688  579.700012
  0.661352038  5227.36475  580.799988
  0.867955506  2642.06201  581.900024
  1.07068729 -1.00149381  583.
  1.26535785 -2644.3335  584.099976
  1.44810486 -5230.08936  585.200012
  1.61614311 -7322.90527  586.299988
  1.76703763 -8494.28516  587.400024
  1.89862144 -8839.2207  588.5
  2.00835252 -8494.65039  589.599976
  2.09596992 -7322.99512  590.700012
  2.16112471 -5228.49219  591.799988
  2.20407963 -2639.49609  592.900024
  2.22589135  8.10227394  594.
  2.22879624  2655.94434  595.099976
  2.21523023  5245.49463  596.200012
  2.18633747  7340.44434  597.299988
  2.14466906  8512.43457  598.400024
  2.09252882  8858.02832  599.5
  2.03384447  8516.0293  600.599976
  1.97079062  7350.9165  601.700012
  1.90655077  5267.53857  602.799988
  1.84431064  2691.07007  603.900024
  1.78717458  53.9735603  605.
  1.73725295 -2587.18457  606.099976
  1.69663346 -5176.06445  607.200012
  1.66809523 -7277.81543  608.299988
  1.65388775 -8460.70801  609.400024
  1.65557253 -8816.65723  610.5
  1.6731075 -8482.31055  611.599976
  1.70736146 -7320.3916  612.700012
  1.75759006 -5233.69189  613.799988
  1.8223927 -2648.11377  614.900024
  1.90020704  1.00348806  616.
  1.98962831  2654.84888  617.099976
  2.088094  5253.78564  618.200012
  2.19204187  7357.46143  619.299988
  2.29772139  8532.42188  620.400024
  2.40180922  8874.10742  621.5
  2.50201321  8521.62109  622.599976
  2.59478283  7338.94092  623.700012
  2.67809081  5232.66553  624.799988
  2.75009108  2633.66846  625.900024
  2.80983233 -21.9587688  627.
  2.8561368 -2676.31616  628.099976
  2.88845015 -5269.53809  629.200012
  2.90850997 -7362.11279  630.299988
  2.917413 -8525.05664  631.400024
  2.91744995 -8857.64258  632.5
  2.90893054 -8500.71777  633.599976
  2.89474225 -7320.5459  634.700012
  2.87607884 -5225.48535  635.799988
  2.8548131 -2643.20337  636.900024
  2.83285046 -5.05468702  638.
  2.81202531  2633.53564  639.099976
  2.79392695  5215.75391  640.200012
  2.77921557  7306.7373  641.299988
  2.7684114  8477.6416  642.400024
  2.7616837  8823.17578  643.5
  2.7609086  8481.22754  644.599976
  2.76569414  7316.41455  645.700012
  2.77632403  5234.04443  646.799988
  2.79269218  2658.98877  647.900024
  2.81371808  22.946455  649.
  2.83773208 -2617.79126  650.099976
  2.8627913 -5206.48145  651.200012
  2.88761711 -7307.29346  652.299988
  2.91023946 -8488.16406  653.400024
  2.92882895 -8841.875  654.5
  2.93938994 -8506.18359  655.599976
  2.94076562 -7345.00928  656.700012
  2.93041968 -5261.82666  657.799988
  2.90611792 -2681.43896  658.900024
  2.86662078 -37.8459129  660.
  2.81173134  2610.39648  661.099976
  2.74150014  5203.76904  662.200012
  2.65495348  7302.89697  663.299988
  2.55378699  8475.27148  664.400024
  2.43851876  8815.96777  665.5
  2.31418705  8463.56738  666.599976
  2.1833818  7282.48096  667.700012
  2.05078006  5180.86133  668.799988
  1.92152703  2590.58423  669.900024
  1.80075216 -52.5868835  671.
  1.69358146 -2691.26953  672.099976
  1.60404217 -5267.70605  673.200012
  1.53769326 -7348.43604  674.299988
  1.49775004 -8508.66895  675.400024
  1.48767006 -8844.35938  676.5
  1.50687861 -8490.94238  677.599976
  1.55540097 -7309.88281  678.700012
  1.63225317 -5207.67432  679.799988
  1.73403537 -2616.81836  680.900024
  1.85711968  25.6054897  682.
  1.99762928  2661.92554  683.099976
  2.15049148  5235.30176  684.200012
  2.30905628  7314.61426  685.299988
  2.46702409  8476.81641  686.400024
  2.61755824  8817.53516  687.5
  2.75575519  8471.89746  688.599976
  2.87488151  7301.48535  689.700012
  2.96967912  5211.05811  690.799988
  3.0351665  2629.27344  691.900024
  3.06683278 -8.67164421  693.
  3.06037903 -2645.32422  694.099976
  3.01277757 -5224.05322  695.200012
  2.92300773 -7312.06348  696.299988
  2.79073024 -8481.82324  697.400024
  2.61723447 -8826.25684  698.5
  2.4031229 -8480.08105  699.599976
  2.15187263 -7304.71533  700.700012
  1.8675344 -5205.83252  701.799988
  1.55576444 -2614.9585  702.900024
  1.22279572  30.8036213  704.
  0.876346767  2673.38574  705.099976
  0.524607658  5254.69189  706.200012
  0.175160766  7339.80225  707.299988
 -0.16423659  8502.28809  708.400024
 -0.486821234  8838.76465  709.5
 -0.783644438  8486.90039  710.599976
 -1.04957342  7310.96631  711.700012
 -1.27918041  5218.42969  712.799988
 -1.46905029  2637.81665  713.900024
 -1.61645997  1.66556692  715.
 -1.72128463 -2634.57764  716.099976
 -1.78432238 -5215.41162  717.200012
 -1.80655015 -7308.05518  718.299988
 -1.79058886 -8483.59668  719.400024
 -1.73877227 -8834.28223  720.5
 -1.6570344 -8495.41504  721.599976
 -1.54901135 -7328.75537  722.700012
 -1.41909289 -5238.06934  723.799988
 -1.271034 -2651.81543  724.900024
 -1.10912156 -6.53693867  726.
 -0.935695469  2638.95215  727.099976
 -0.752493083  5225.99756  728.200012
 -0.562017381  7318.30176  729.299988
 -0.36590308  8487.12598  730.400024
 -0.165659308  8828.1582  731.5
  0.0397388376  8479.12402  732.599976
  0.249442667  7303.80713  733.700012
  0.462450117  5208.81494  734.799988
  0.678370833  2623.29541  735.900024
  0.896228015 -18.5783863  737.
  1.11437631 -2660.34424  738.099976
  1.33065641 -5245.72412  739.200012
  1.54420459 -7341.36963  740.299988
  1.75367606 -8519.19043  741.400024
  1.95852602 -8872.98242  742.5
  2.15614152 -8538.86719  743.599976
  2.34576416 -7378.09521  744.700012
  2.5274756 -5291.65625  745.799988
  2.70075345 -2705.07397  746.900024
  2.86565733 -54.7293205  748.
  3.02322626  2600.16211  749.099976
  3.17406821  5200.8999  750.200012
  3.31818032  7308.93262  751.299988
  3.45515823  8491.11523  752.400024
  3.58449554  8841.77051  753.5
  3.70723248  8499.82031  754.599976
  3.8226409  7330.11133  755.700012
  3.92975283  5239.31445  756.799988
  4.02805376  2656.19067  757.900024
  4.11647129  14.9262972  759.
  4.19345665 -2628.04199  760.099976
  4.25769234 -5216.67725  761.200012
  4.30840921 -7316.9292  762.299988
  4.3454361 -8498.63965  763.400024
  4.36826277 -8854.48633  764.5
  4.37481594 -8520.74707  765.599976
  4.36464405 -7359.25488  766.700012
  4.33775043 -5272.10596  767.799988
  4.29251289 -2685.97925  768.900024
  4.22899771 -37.6379204  770.
  4.14677  2613.48608  771.099976
  4.04585314  5208.65137  772.200012
  3.92502308  7311.13428  773.299988
  3.78341222  8491.24414  774.400024
  3.62032771  8844.90723  775.5
  3.437042  8511.24512  776.599976
  3.23345995  7354.60059  777.700012
  3.01004195  5278.00732  778.799988
  2.7679925  2704.8877  779.900024
  2.5088594  68.3065262  781.
  2.23361397 -2573.94556  782.099976
  1.94402421 -5164.71094  783.200012
  1.64302337 -7268.24902  784.299988
  1.33327019 -8451.88965  785.400024
  1.01786208 -8807.1377  786.5
  0.698016942 -8470.32422  787.599976
  0.376909703 -7303.90186  788.700012
  0.0570323691 -5211.91064  789.799988
 -0.259455204 -2623.31226  790.900024
 -0.570035398  24.607563  792.
 -0.871656239  2672.15576  793.099976
 -1.16157997  5259.15625  794.200012
 -1.43806314  7347.77197  795.299988
 -1.69965625  8510.11719  796.400024
 -1.9450227  8843.70996  797.5
 -2.17091084  8486.41504  798.599976
 -2.3775332  7300.94189  799.700012
 -2.5641315  5193.82129  800.799988
 -2.73060513  2596.76929  801.900024
 -2.87725973 -53.6047249  803.
 -3.00550866 -2699.34912  804.099976
 -3.11712265 -5281.88477  805.200012
 -3.21263981 -7366.28711  806.299988
 -3.29287434 -8527.65527  807.400024
 -3.35863853 -8863.7666  808.5
 -3.41259027 -8511.86426  809.599976
 -3.45448256 -7334.60791  810.700012
 -3.48513603 -5237.90527  811.799988
 -3.5055666 -2651.40601  812.900024
 -3.51627755 -10.1986141  814.
 -3.51786566  2628.69946  815.099976
 -3.51098967  5209.00781  816.200012
 -3.49801302  7298.96191  817.299988
 -3.48132277  8473.02832  818.400024
 -3.46421242  8825.85156  819.5
 -3.44791555  8493.46973  820.599976
 -3.43628526  7337.23828  821.700012
 -3.43293619  5257.21729  822.799988
 -3.44008255  2676.46484  823.900024
 -3.46084714  30.2626457  825.
 -3.49718094 -2621.44482  826.099976
 -3.55105186 -5218.68311  827.200012
 -3.62200117 -7322.15381  828.299988
 -3.70890188 -8499.47266  829.400024
 -3.80957675 -8845.74512  830.5
 -3.92309284 -8499.55957  831.599976
 -4.045609 -7324.854  832.700012
 -4.1732173 -5228.22559  833.799988
 -4.30249596 -2640.28613  834.900024
 -4.42961264  2.90594578  836.
 -4.55063868  2643.7373  837.099976
 -4.66181231  5225.04053  838.200012
 -4.7617898  7313.38672  839.299988
 -4.84879255  8482.15625  840.400024
 -4.92239618  8826.1123  841.5
 -4.98057938  8481.44531  842.599976
 -5.02434397  7311.05859  843.700012
 -5.05439186  5221.29541  844.799988
 -5.07134342  2641.77734  845.900024
 -5.07596779  7.3822546  847.
 -5.06982231 -2625.06445  848.099976
 -5.05471706 -5199.90674  849.200012
 -5.02968836 -7286.13281  850.299988
 -4.99521303 -8457.17383  851.400024
 -4.9501996 -8805.24609  852.5
 -4.89623976 -8464.51172  853.599976
 -4.83071041 -7296.33789  854.700012
 -4.75298786 -5205.58301  855.799988
 -4.66197062 -2621.98389  856.900024
 -4.5567379  18.2504578  858.
 -4.43569088  2657.58569  859.099976
 -4.29788685  5239.90137  860.200012
 -4.14457798  7333.03174  861.299988
 -3.97646976  8509.5293  862.400024
 -3.79524517  8862.15723  863.5
 -3.6007731  8525.61426  864.599976
 -3.39636707  7360.35645  865.700012
 -3.18418264  5268.73633  866.799988
 -2.96594453  2679.5498  867.900024
 -2.74426818  30.6517353  869.
 -2.52200603 -2619.05811  870.099976
 -2.30142212 -5212.33691  871.200012
 -2.0835526 -7314.56982  872.299988
 -1.86968911 -8496.24902  873.400024
 -1.66084266 -8850.80957  874.5
 -1.46043134 -8514.17676  875.599976
 -1.26785362 -7347.16064  876.700012
 -1.08474934 -5252.17969  877.799988
 -0.912527978 -2658.87598  878.900024
 -0.751887619 -6.37540293  880.
 -0.602815807  2645.01514  881.099976
 -0.465342164  5235.70703  882.200012
 -0.340825617  7329.16309  883.299988
 -0.229619309  8498.27734  884.400024
 -0.131402627  8840.63086  885.5
 -0.0437278897  8494.6875  886.599976
  0.0324591473  7323.97461  887.700012
  0.0989455283  5233.42627  888.799988
  0.157346323  2650.37476  889.900024
  0.209381938  9.11781502  891.
  0.255860746 -2632.99268  892.099976
  0.298244089 -5218.91895  893.200012
  0.33899954 -7314.25  894.299988
  0.380388945 -8489.6084  895.400024
  0.423433572 -8837.81836  896.5
  0.467636824 -8493.88281  897.599976
  0.515418887 -7318.30908  898.700012
  0.566244364 -5215.28174  899.799988
  0.620064735 -2617.24927  900.900024
  0.676421344  36.037899  902.
  0.735784292  2684.68384  903.099976
  0.797908485  5269.25977  904.200012
  0.861537099  7354.53467  905.299988
  0.925235748  8516.23926  906.400024
  0.98952359  8853.14453  907.5
  1.05551219  8503.03027  908.599976
  1.12158489  7328.11377  909.700012
  1.18845904  5231.86572  910.799988
  1.25608242  2641.20337  911.900024
  1.3239702 -8.82952976  913.
  1.39080608 -2659.71265  914.099976
  1.45521832 -5251.68604  915.200012
  1.5158608 -7346.08447  916.299988
  1.572505 -8513.5293  917.400024
  1.62184906 -8851.78906  918.5
  1.66071343 -8500.71387  919.599976
  1.68863308 -7325.65332  920.700012
  1.70322454 -5233.59912  921.799988
  1.70301151 -2651.86548  922.900024
  1.68749976 -12.8700981  924.
  1.65732431  2627.12769  925.099976
  1.61349368  5210.92871  926.200012
  1.55683923  7303.11865  927.299988
  1.48770905  8474.04102  928.400024
  1.40948415  8817.80566  929.5
  1.32524252  8471.59473  930.599976
  1.23579621  7299.18994  931.700012
  1.14475095  5206.92627  932.799988
  1.05422616  2623.4502  933.900024
  0.966779709 -16.967289  935.
  0.883942425 -2657.12793  936.099976
  0.80708921 -5239.43164  937.200012
  0.738413393 -7329.15283  938.299988
  0.680161834 -8498.67969  939.400024
  0.632375479 -8843.48242  940.5
  0.594052792 -8501.12695  941.599976
  0.566344857 -7335.27637  942.700012
  0.547442734 -5250.45947  943.799988
  0.535162628 -2672.33521  944.900024
  0.527831495 -34.0554008  946.
  0.523394763  2607.31934  947.099976
  0.519970834  5194.81543  948.200012
  0.513684571  7293.11035  949.299988
  0.501631856  8470.87109  950.400024
  0.481959403  8820.15527  951.5
  0.454125881  8476.50391  952.599976
  0.416112423  7301.28271  953.700012
  0.367725492  5199.2334  954.799988
  0.309127212  2602.35815  955.900024
  0.241689116 -50.4219208  957.
  0.165443659 -2699.9646  958.099976
  0.0816883519 -5288.21875  959.200012
 -0.00608479651 -7381.69189  960.299988
 -0.0953275487 -8555.81836  961.400024
 -0.18406643 -8907.71289  962.5
 -0.271232456 -8574.4248  963.599976
 -0.353615135 -7417.31299  964.700012
 -0.429842979 -5336.82178  965.799988
 -0.499287337 -2756.85425  966.900024
 -0.561133623 -112.641464  968.
 -0.61451304  2536.6792  969.099976
 -0.659477234  5131.75439  970.200012
 -0.697999001  7232.76416  971.299988
 -0.731657445  8406.13281  972.400024
 -0.760836363  8747.0957  973.5
 -0.786214888  8395.17773  974.599976
 -0.809358299  7215.13135  975.700012
 -0.830649495  5115.49121  976.799988
 -0.850077987  2533.2124  977.900024
 -0.867834449 -83.7273865  979.
 -0.883843482 -2656.16113  980.099976
 -0.898163497 -5080.06787  981.200012
 -0.909267426 -6814.9165  982.299988
 -0.915880501 -7220.06201  983.400024
 -0.917752981 -6178.18604  984.5
 -0.915319026 -4167.43555  985.599976
 -0.907427669 -2015.94604  986.700012
 -0.894237161 -314.84671  987.799988
 -0.876317561  611.594421  988.900024
 -0.854043782  883.311951  990.
 -0.827379942  866.393372  991.099976
 -0.796120584  771.655945  992.200012
 -0.762605369  669.074951  993.299988
 -0.727412581  576.592407  994.400024
 -0.691398621  497.101837  995.5
 -0.654011905  429.556793  996.599976
 -0.616946518  372.184204  997.700012
 -0.580292225  323.323212  998.799988
 -0.544129193  281.556793  999.900024
 -0.508722425  245.751144  1001.
 -0.475263536  214.960403  1002.09998
 -0.444220066  188.418549  1003.20001
 -0.414451718  165.490799  1004.29999
 -0.38595283  145.650391  1005.40002
 -0.35869965  128.447845  1006.5
 -0.333895802  113.506454  1007.59998
 -0.310388684  100.510094  1008.70001
 -0.28854537  89.1846008  1009.79999
 -0.268577546  79.2984695  1010.90002
 -0.250371844  70.6488571  1012.
 -0.233106226  63.0714912  1013.09998
 -0.216526479  56.4214554  1014.20001
 -0.201163813  50.575798  1015.29999
 -0.187666133  45.4219513  1016.40002
 -0.175455168  40.8759918  1017.5
 -0.163742989  36.8577995  1018.59998
 -0.153285474  33.2938766  1019.70001
 -0.143448412  30.1316738  1020.79999
 -0.134253353  27.3170376  1021.90002
 -0.125357941  24.8144341  1023.
 -0.117404267  22.5793324  1024.09998
 -0.110171519  20.5800304  1025.19995
 -0.103762969  18.7882595  1026.30005
 -0.0984658822  17.1829758  1027.40002
 -0.0923491493  15.7373867  1028.5
 -0.0870775804  14.4347696  1029.59998
 -0.0819212422  13.2628546  1030.69995
 -0.0767875314  12.2029877  1031.80005
 -0.0728057027  11.2471819  1032.90002
 -0.0692948997  10.3763514  1034.
 -0.0656426549  9.58608437  1035.09998
 -0.0621497184  8.8698101  1036.19995
 -0.058554966  8.21722507  1037.30005
 -0.0546339788  7.6202898  1038.40002
 -0.0522830524  7.07799911  1039.5
 -0.0493550114  6.58281898  1040.59998
 -0.0471273474  6.12668037  1041.69995
 -0.0453087613  5.71014929  1042.80005
 -0.0428728387  5.32440805  1043.90002
 -0.040350914  4.97372341  1045.
 -0.0383770615  4.65209532  1046.09998
 -0.0363920182  4.35266447  1047.19995
 -0.0351554453  4.07709837  1048.30005
 -0.0344341248  3.82502174  1049.40002
 -0.0325754508  3.58904982  1050.5
 -0.031182358  3.37003469  1051.59998
 -0.0296318848  3.16962337  1052.69995
 -0.0278705712  2.98279142  1053.80005
 -0.027050592  2.81276393  1054.90002
 -0.0264013186  2.6502049  1056.
 -0.0254138354  2.49947476  1057.09998
 -0.0244174264  2.35994792  1058.19995
 -0.0232009385  2.23099804  1059.30005
 -0.0212078243  2.10699439  1060.40002
 -0.0208555851  1.99561536  1061.5
 -0.019950483  1.89209914  1062.59998
 -0.0192807391  1.79231822  1063.69995
 -0.0191166122  1.69946444  1064.80005
 -0.0180698764  1.60979116  1065.90002
 -0.0169019252  1.52987611  1067.
 -0.0162138902  1.45503926  1068.09998
 -0.0156124989  1.38266087  1069.19995
 -0.0153967403  1.31490481  1070.30005
 -0.0156221632  1.25463879  1071.40002
 -0.0148387179  1.19310558  1072.5
 -0.0145376101  1.135234  1073.59998
 -0.0137276547  1.08282244  1074.69995
 -0.0127171706  1.03337252  1075.80005
 -0.012802748  0.989380956  1076.90002
 -0.0127465772  0.943759799  1078.
 -0.0123952944  0.900743663  1079.09998
 -0.0120312404  0.861340582  1080.19995
 -0.0114199826  0.82489872  1081.30005
 -0.0102110412  0.785920858  1082.40002
 -0.0102030765  0.754388332  1083.5
 -0.00986031909  0.724816799  1084.59998
 -0.00967933983  0.693665922  1085.69995
 -0.00986515358  0.665382147  1086.80005
 -0.00902297162  0.634524465  1087.90002
 -0.00837653689  0.610181749  1089.
 -0.0080097476  0.58736217  1090.09998
 -0.00793855917  0.563780427  1091.19995
 -0.00807952322  0.54079622  1092.30005
 -0.00866370089  0.523319304  1093.40002
 -0.0081545962  0.500728846  1094.5
 -0.00794830639  0.479645818  1095.59998
 -0.0074241301  0.462034225  1096.69995
 -0.00671931822  0.444535643  1097.80005
 -0.00714664208  0.431779802  1098.90002
 -0.00732523296  0.414782435  1100.
 -0.0071959882  0.398236185  1101.09998
 -0.00700929342  0.384035379  1102.19995
 -0.0065084286  0.371122956  1103.30005
 -0.00539911352  0.354811966  1104.40002
 -0.00568306679  0.343701333  1105.5
 -0.00547341583  0.334769934  1106.59998
 -0.0056641954  0.321839929  1107.69995
 -0.00601867121  0.310988218  1108.80005
 -0.00518673984  0.297056675  1109.90002
 -0.00462510763  0.288380057  1111.
 -0.00448547071  0.279590696  1112.09998
 -0.00438577542  0.271038502  1113.19995
 -0.00463496847  0.2607463  1114.30005
 -0.00551128108  0.255220562  1115.40002
 -0.00503530074  0.246000201  1116.5
 -0.00494157383  0.235084057  1117.59998
 -0.00434509479  0.228689164  1118.69995
 -0.00378199294  0.220930666  1119.80005
 -0.00448526349  0.21782434  1120.90002
 -0.00464384444  0.210313827  1122.
