 -.2567E+00 0.5648E-07 0.1111E+04 0.1078E+15 0.7146E+14 0.2221E+14
 -.2548E+00 0.6639E-07 0.1112E+04 0.1267E+15 0.9142E+14 0.1068E+14
 -.2529E+00 0.6094E-07 0.1114E+04 0.1163E+15 0.9107E+14 -.5878E+13
 -.2510E+00 0.4254E-07 0.1116E+04 0.8118E+14 0.7299E+14 -.1984E+14
 -.2491E+00 0.1969E-07 0.1118E+04 0.3758E+14 0.4881E+14 -.2463E+14
 -.2473E+00 0.3205E-08 0.1119E+04 0.6118E+13 0.3164E+14 -.1777E+14
 -.2454E+00 0.1265E-08 0.1121E+04 0.2415E+13 0.3080E+14 -.2091E+13
 -.2435E+00 0.1556E-07 0.1123E+04 0.2970E+14 0.4781E+14 0.1541E+14
 -.2416E+00 0.4032E-07 0.1125E+04 0.7696E+14 0.7593E+14 0.2669E+14
 -.2398E+00 0.6475E-07 0.1126E+04 0.1236E+15 0.1031E+15 0.2633E+14
 -.2379E+00 0.7783E-07 0.1128E+04 0.1486E+15 0.1173E+15 0.1410E+14
 -.2361E+00 0.7342E-07 0.1130E+04 0.1401E+15 0.1121E+15 -.4753E+13
 -.2342E+00 0.5325E-07 0.1132E+04 0.1016E+15 0.8994E+14 -.2175E+14
 -.2324E+00 0.2640E-07 0.1134E+04 0.5040E+14 0.6119E+14 -.2894E+14
 -.2306E+00 0.5429E-08 0.1135E+04 0.1036E+14 0.3965E+14 -.2261E+14
 -.2287E+00 0.6843E-09 0.1137E+04 0.1306E+13 0.3641E+14 -.5114E+13
 -.2269E+00 0.1551E-07 0.1139E+04 0.2960E+14 0.5459E+14 0.1598E+14
 -.2251E+00 0.4441E-07 0.1141E+04 0.8477E+14 0.8764E+14 0.3116E+14
 -.2233E+00 0.7524E-07 0.1142E+04 0.1436E+15 0.1220E+15 0.3324E+14
 -.2215E+00 0.9447E-07 0.1144E+04 0.1803E+15 0.1428E+15 0.2073E+14
 -.2197E+00 0.9332E-07 0.1146E+04 0.1781E+15 0.1411E+15 -.1241E+13
 -.2179E+00 0.7194E-07 0.1148E+04 0.1373E+15 0.1176E+15 -.2305E+14
 -.2161E+00 0.3967E-07 0.1150E+04 0.7572E+14 0.8299E+14 -.3478E+14
 -.2143E+00 0.1119E-07 0.1151E+04 0.2136E+14 0.5339E+14 -.3071E+14
 -.2125E+00 0.4363E-11 0.1153E+04 0.8326E+10 0.4328E+14 -.1206E+14
 -.2108E+00 0.1233E-07 0.1155E+04 0.2353E+14 0.5886E+14 0.1328E+14
 -.2090E+00 0.4399E-07 0.1157E+04 0.8395E+14 0.9497E+14 0.3413E+14
 -.2072E+00 0.8195E-07 0.1158E+04 0.1564E+15 0.1371E+15 0.4092E+14
 -.2055E+00 0.1099E-06 0.1160E+04 0.2097E+15 0.1674E+15 0.3010E+14
 -.2037E+00 0.1154E-06 0.1162E+04 0.2202E+15 0.1730E+15 0.5930E+13
 -.2020E+00 0.9572E-07 0.1164E+04 0.1827E+15 0.1515E+15 -.2119E+14
 -.2002E+00 0.5935E-07 0.1165E+04 0.1133E+15 0.1124E+15 -.3920E+14
 -.1985E+00 0.2241E-07 0.1167E+04 0.4278E+14 0.7340E+14 -.3982E+14
 -.1967E+00 0.1719E-08 0.1169E+04 0.3280E+13 0.5239E+14 -.2231E+14
 -.1950E+00 0.7171E-08 0.1171E+04 0.1369E+14 0.5951E+14 0.5878E+13
 -.1933E+00 0.3713E-07 0.1173E+04 0.7086E+14 0.9246E+14 0.3229E+14
 -.1916E+00 0.7883E-07 0.1174E+04 0.1504E+15 0.1372E+15 0.4495E+14
 -.1899E+00 0.1139E-06 0.1176E+04 0.2173E+15 0.1743E+15 0.3778E+14
 -.1881E+00 0.1265E-06 0.1178E+04 0.2414E+15 0.1871E+15 0.1356E+14
 -.1864E+00 0.1106E-06 0.1180E+04 0.2110E+15 0.1701E+15 -.1713E+14
 -.1847E+00 0.7307E-07 0.1181E+04 0.1395E+15 0.1311E+15 -.4042E+14
 -.1830E+00 0.3096E-07 0.1183E+04 0.5909E+14 0.8826E+14 -.4540E+14
 -.1814E+00 0.3904E-08 0.1185E+04 0.7450E+13 0.6223E+14 -.2917E+14
 -.1797E+00 0.5392E-08 0.1187E+04 0.1029E+14 0.6655E+14 0.1605E+13
 -.1780E+00 0.3637E-07 0.1188E+04 0.6942E+14 0.1014E+15 0.3339E+14
 -.1763E+00 0.8439E-07 0.1190E+04 0.1611E+15 0.1532E+15 0.5176E+14
 -.1746E+00 0.1288E-06 0.1192E+04 0.2459E+15 0.2000E+15 0.4790E+14
 -.1730E+00 0.1500E-06 0.1194E+04 0.2862E+15 0.2216E+15 0.2280E+14
 -.1713E+00 0.1380E-06 0.1196E+04 0.2634E+15 0.2086E+15 -.1287E+14
 -.1697E+00 0.9787E-07 0.1197E+04 0.1868E+15 0.1667E+15 -.4330E+14
 -.1680E+00 0.4724E-07 0.1199E+04 0.9016E+14 0.1149E+15 -.5458E+14
 -.1664E+00 0.9145E-08 0.1201E+04 0.1745E+14 0.7701E+14 -.4106E+14
 -.1647E+00 0.1495E-08 0.1203E+04 0.2853E+13 0.7093E+14 -.8248E+13
 -.1631E+00 0.2881E-07 0.1204E+04 0.5499E+14 0.1006E+15 0.2945E+14
 -.1615E+00 0.7978E-07 0.1206E+04 0.1523E+15 0.1536E+15 0.5494E+14
 -.1598E+00 0.1319E-06 0.1208E+04 0.2518E+15 0.2068E+15 0.5622E+14
 -.1582E+00 0.1616E-06 0.1210E+04 0.3085E+15 0.2363E+15 0.3200E+14
 -.1566E+00 0.1549E-06 0.1211E+04 0.2956E+15 0.2288E+15 -.7276E+13
 -.1550E+00 0.1142E-06 0.1213E+04 0.2179E+15 0.1880E+15 -.4388E+14
 -.1534E+00 0.5792E-07 0.1215E+04 0.1106E+15 0.1334E+15 -.6062E+14
 -.1518E+00 0.1266E-07 0.1217E+04 0.2416E+14 0.9181E+14 -.4880E+14
 -.1502E+00 0.1079E-08 0.1219E+04 0.2059E+13 0.8558E+14 -.1248E+14
 -.1486E+00 0.3148E-07 0.1220E+04 0.6009E+14 0.1218E+15 0.3277E+14
 -.1470E+00 0.9330E-07 0.1222E+04 0.1781E+15 0.1884E+15 0.6665E+14
 -.1454E+00 0.1611E-06 0.1224E+04 0.3076E+15 0.2590E+15 0.7313E+14
 -.1438E+00 0.2057E-06 0.1226E+04 0.3926E+15 0.3041E+15 0.4801E+14
 -.1422E+00 0.2069E-06 0.1227E+04 0.3949E+15 0.3044E+15 0.1299E+13
 -.1406E+00 0.1635E-06 0.1229E+04 0.3120E+15 0.2600E+15 -.4680E+14
 -.1391E+00 0.9419E-07 0.1231E+04 0.1798E+15 0.1909E+15 -.7468E+14
 -.1375E+00 0.3006E-07 0.1233E+04 0.5736E+14 0.1283E+15 -.6913E+14
 -.1359E+00 0.6830E-09 0.1234E+04 0.1304E+13 0.1015E+15 -.3166E+14
 -.1344E+00 0.2074E-07 0.1236E+04 0.3958E+14 0.1240E+15 0.2162E+14
 -.1328E+00 0.8276E-07 0.1238E+04 0.1580E+15 0.1870E+15 0.6686E+14
 -.1313E+00 0.1598E-06 0.1240E+04 0.3050E+15 0.2632E+15 0.8304E+14
 -.1297E+00 0.2171E-06 0.1242E+04 0.4144E+15 0.3185E+15 0.6180E+14
 -.1282E+00 0.2280E-06 0.1243E+04 0.4351E+15 0.3280E+15 0.1172E+14
 -.1267E+00 0.1864E-06 0.1245E+04 0.3557E+15 0.2874E+15 -.4486E+14
 -.1251E+00 0.1107E-06 0.1247E+04 0.2112E+15 0.2164E+15 -.8159E+14
 -.1236E+00 0.3639E-07 0.1249E+04 0.6946E+14 0.1505E+15 -.8007E+14
 -.1221E+00 0.4951E-09 0.1250E+04 0.9449E+12 0.1251E+15 -.3870E+14
 -.1206E+00 0.2439E-07 0.1252E+04 0.4654E+14 0.1589E+15 0.2575E+14
 -.1190E+00 0.1032E-06 0.1254E+04 0.1969E+15 0.2448E+15 0.8493E+14
 -.1175E+00 0.2064E-06 0.1256E+04 0.3940E+15 0.3510E+15 0.1113E+15
 -.1160E+00 0.2908E-06 0.1258E+04 0.5551E+15 0.4348E+15 0.9095E+14
 -.1145E+00 0.3190E-06 0.1259E+04 0.6089E+15 0.4611E+15 0.3039E+14
 -.1130E+00 0.2772E-06 0.1261E+04 0.5290E+15 0.4187E+15 -.4510E+14
 -.1115E+00 0.1824E-06 0.1263E+04 0.3481E+15 0.3268E+15 -.1022E+15
 -.1100E+00 0.7646E-07 0.1265E+04 0.1459E+15 0.2278E+15 -.1142E+15
 -.1085E+00 0.8281E-08 0.1266E+04 0.1581E+14 0.1689E+15 -.7349E+14
 -.1071E+00 0.1205E-07 0.1268E+04 0.2299E+14 0.1816E+15 0.4061E+13
 -.1056E+00 0.9112E-07 0.1270E+04 0.1739E+15 0.2665E+15 0.8524E+14
 -.1041E+00 0.2151E-06 0.1272E+04 0.4105E+15 0.3918E+15 0.1336E+15
 -.1026E+00 0.3320E-06 0.1273E+04 0.6336E+15 0.5065E+15 0.1260E+15
 -.1012E+00 0.3908E-06 0.1275E+04 0.7458E+15 0.5622E+15 0.6335E+14
 -.9970E-01 0.3643E-06 0.1277E+04 0.6953E+15 0.5351E+15 -.2852E+14
 -.9824E-01 0.2628E-06 0.1279E+04 0.5015E+15 0.4376E+15 -.1095E+15
 -.9678E-01 0.1305E-06 0.1281E+04 0.2491E+15 0.3142E+15 -.1426E+15
 -.9533E-01 0.2752E-07 0.1282E+04 0.5252E+14 0.2223E+15 -.1110E+15
 -.9388E-01 0.2875E-08 0.1284E+04 0.5488E+13 0.2071E+15 -.2657E+14
 -.9244E-01 0.7217E-07 0.1286E+04 0.1377E+15 0.2807E+15 0.7470E+14
 -.9100E-01 0.2090E-06 0.1288E+04 0.3990E+15 0.4155E+15 0.1476E+15
 -.8956E-01 0.3554E-06 0.1289E+04 0.6784E+15 0.5553E+15 0.1578E+15
 -.8813E-01 0.4467E-06 0.1291E+04 0.8525E+15 0.6399E+15 0.9836E+14
 -.8670E-01 0.4407E-06 0.1293E+04 0.8411E+15 0.6323E+15 -.6452E+13
 -.8527E-01 0.3382E-06 0.1295E+04 0.6455E+15 0.5369E+15 -.1105E+15
 -.8385E-01 0.1843E-06 0.1296E+04 0.3518E+15 0.3986E+15 -.1659E+15
 -.8243E-01 0.5000E-07 0.1298E+04 0.9542E+14 0.2846E+15 -.1448E+15
 -.8102E-01 0.9070E-09 0.1300E+04 0.1731E+13 0.2542E+15 -.5292E+14
 -.7961E-01 0.6712E-07 0.1302E+04 0.1281E+15 0.3317E+15 0.7138E+14
 -.7820E-01 0.2277E-06 0.1304E+04 0.4346E+15 0.4936E+15 0.1731E+15
 -.7680E-01 0.4178E-06 0.1305E+04 0.7974E+15 0.6768E+15 0.2049E+15
 -.7540E-01 0.5560E-06 0.1307E+04 0.1061E+16 0.8058E+15 0.1489E+15
 -.7400E-01 0.5804E-06 0.1309E+04 0.1108E+16 0.8261E+15 0.2635E+14
 -.7261E-01 0.4780E-06 0.1311E+04 0.9123E+15 0.7297E+15 -.1104E+15
 -.7122E-01 0.2922E-06 0.1312E+04 0.5577E+15 0.5603E+15 -.2003E+15
 -.6983E-01 0.1060E-06 0.1314E+04 0.2024E+15 0.3957E+15 -.2007E+15
 -.6845E-01 0.5735E-08 0.1316E+04 0.1095E+14 0.3136E+15 -.1081E+15
 -.6707E-01 0.4158E-07 0.1318E+04 0.7936E+14 0.3560E+15 0.3864E+14
 -.6570E-01 0.2033E-06 0.1319E+04 0.3880E+15 0.5094E+15 0.1743E+15
 -.6433E-01 0.4223E-06 0.1321E+04 0.8060E+15 0.7089E+15 0.2360E+15
 -.6296E-01 0.6006E-06 0.1323E+04 0.1146E+16 0.8664E+15 0.1922E+15
 -.6160E-01 0.6551E-06 0.1325E+04 0.1250E+16 0.9112E+15 0.5881E+14
 -.6024E-01 0.5573E-06 0.1327E+04 0.1064E+16 0.8239E+15 -.1054E+15
 -.5888E-01 0.3494E-06 0.1328E+04 0.6668E+15 0.6482E+15 -.2242E+15
 -.5752E-01 0.1287E-06 0.1330E+04 0.2457E+15 0.4737E+15 -.2379E+15
 -.5617E-01 0.5598E-08 0.1332E+04 0.1068E+14 0.3962E+15 -.1327E+15
 -.5483E-01 0.5236E-07 0.1334E+04 0.9994E+14 0.4731E+15 0.5041E+14
 -.5348E-01 0.2668E-06 0.1335E+04 0.5093E+15 0.6933E+15 0.2312E+15
 -.5214E-01 0.5682E-06 0.1337E+04 0.1084E+16 0.9778E+15 0.3249E+15
 -.5081E-01 0.8291E-06 0.1339E+04 0.1583E+16 0.1212E+16 0.2813E+15
 -.4948E-01 0.9322E-06 0.1341E+04 0.1779E+16 0.1298E+16 0.1110E+15
 -.4815E-01 0.8248E-06 0.1342E+04 0.1574E+16 0.1200E+16 -.1157E+15
 -.4682E-01 0.5495E-06 0.1344E+04 0.1049E+16 0.9653E+15 -.2968E+15
 -.4550E-01 0.2305E-06 0.1346E+04 0.4399E+15 0.7121E+15 -.3439E+15
 -.4418E-01 0.2299E-07 0.1348E+04 0.4388E+14 0.5760E+15 -.2237E+15
 -.4286E-01 0.4339E-07 0.1350E+04 0.8281E+14 0.6503E+15 0.2199E+14
 -.4155E-01 0.3122E-06 0.1351E+04 0.5959E+15 0.9390E+15 0.2898E+15
 -.4024E-01 0.7373E-06 0.1353E+04 0.1407E+16 0.1348E+16 0.4582E+15
 -.3893E-01 0.1147E-05 0.1355E+04 0.2189E+16 0.1721E+16 0.4417E+15
 -.3763E-01 0.1364E-05 0.1357E+04 0.2602E+16 0.1906E+16 0.2334E+15
 -.3633E-01 0.1284E-05 0.1358E+04 0.2450E+16 0.1828E+16 -.8594E+14
 -.3503E-01 0.9331E-06 0.1360E+04 0.1781E+16 0.1525E+16 -.3781E+15
 -.3374E-01 0.4634E-06 0.1362E+04 0.8844E+15 0.1143E+16 -.5064E+15
 -.3245E-01 0.9384E-07 0.1364E+04 0.1791E+15 0.8759E+15 -.3984E+15
 -.3116E-01 0.1526E-07 0.1366E+04 0.2913E+14 0.8791E+15 -.8471E+14
 -.2988E-01 0.3002E-06 0.1367E+04 0.5729E+15 0.1197E+16 0.3071E+15
 -.2860E-01 0.8600E-06 0.1369E+04 0.1641E+16 0.1732E+16 0.6035E+15
 -.2732E-01 0.1473E-05 0.1371E+04 0.2811E+16 0.2282E+16 0.6607E+15
 -.2605E-01 0.1875E-05 0.1373E+04 0.3578E+16 0.2623E+16 0.4333E+15
 -.2477E-01 0.1879E-05 0.1374E+04 0.3585E+16 0.2613E+16 0.4008E+13
 -.2351E-01 0.1466E-05 0.1376E+04 0.2799E+16 0.2264E+16 -.4444E+15
 -.2224E-01 0.8132E-06 0.1378E+04 0.1552E+16 0.1748E+16 -.7041E+15
 -.2098E-01 0.2234E-06 0.1380E+04 0.4264E+15 0.1335E+16 -.6358E+15
 -.1972E-01 0.1017E-08 0.1381E+04 0.1941E+13 0.1271E+16 -.2398E+15
 -.1847E-01 0.3092E-06 0.1383E+04 0.5902E+15 0.1667E+16 0.3323E+15
 -.1721E-01 0.1082E-05 0.1385E+04 0.2064E+16 0.2429E+16 0.8326E+15
 -.1597E-01 0.2031E-05 0.1387E+04 0.3876E+16 0.3288E+16 0.1023E+16
 -.1472E-01 0.2760E-05 0.1389E+04 0.5268E+16 0.3909E+16 0.7866E+15
 -.1348E-01 0.2939E-05 0.1390E+04 0.5609E+16 0.4037E+16 0.1922E+15
 -.1224E-01 0.2459E-05 0.1392E+04 0.4693E+16 0.3627E+16 -.5173E+15
 -.1100E-01 0.1512E-05 0.1394E+04 0.2887E+16 0.2888E+16 -.1020E+16
 -.9765E-02 0.5317E-06 0.1396E+04 0.1015E+16 0.2205E+16 -.1057E+16
 -.8534E-02 0.1360E-07 0.1397E+04 0.2596E+14 0.1982E+16 -.5586E+15
 -.7306E-02 0.2945E-06 0.1399E+04 0.5621E+15 0.2450E+16 0.3028E+15
 -.6081E-02 0.1374E-05 0.1401E+04 0.2623E+16 0.3541E+16 0.1164E+16
 -.4859E-02 0.2878E-05 0.1403E+04 0.5493E+16 0.4890E+16 0.1621E+16
 -.3640E-02 0.4185E-05 0.1404E+04 0.7987E+16 0.5972E+16 0.1409E+16
 -.2423E-02 0.4696E-05 0.1406E+04 0.8962E+16 0.6343E+16 0.5508E+15
 -.1210E-02 0.4120E-05 0.1408E+04 0.7864E+16 0.5868E+16 -.6203E+15
 0.0000E+00 0.2662E-05 0.1410E+04 0.5081E+16 0.4837E+16 -.1572E+16
 0.1207E-02 0.9989E-06 0.1412E+04 0.1906E+16 0.3893E+16 -.1793E+16
 0.2412E-02 0.3583E-07 0.1413E+04 0.6839E+14 0.3782E+16 -.1038E+16
 0.3613E-02 0.5161E-06 0.1415E+04 0.9849E+15 0.5011E+16 0.5177E+15
 0.4812E-02 0.2643E-05 0.1417E+04 0.5044E+16 0.7562E+16 0.2293E+16
 0.6008E-02 0.5891E-05 0.1419E+04 0.1124E+17 0.1081E+17 0.3501E+16
 0.7201E-02 0.9123E-05 0.1420E+04 0.1741E+17 0.1371E+17 0.3484E+16
 0.8391E-02 0.1101E-04 0.1422E+04 0.2101E+17 0.1520E+17 0.2035E+16
 0.9578E-02 0.1062E-04 0.1424E+04 0.2027E+17 0.1475E+17 -.4210E+15
 0.1076E-01 0.7924E-05 0.1426E+04 0.1512E+17 0.1267E+17 -.2906E+16
 0.1194E-01 0.4000E-05 0.1427E+04 0.7634E+16 0.1019E+17 -.4230E+16
 0.1312E-01 0.7604E-06 0.1429E+04 0.1451E+16 0.9068E+16 -.3492E+16
 0.1430E-01 0.2543E-06 0.1431E+04 0.4854E+15 0.1086E+17 -.5455E+15
 0.1547E-01 0.3754E-05 0.1433E+04 0.7165E+16 0.1617E+17 0.3773E+16
 0.1664E-01 0.1100E-04 0.1435E+04 0.2099E+17 0.2413E+17 0.7807E+16
 0.1781E-01 0.1994E-04 0.1436E+04 0.3806E+17 0.3250E+17 0.9641E+16
 0.1897E-01 0.2727E-04 0.1438E+04 0.5204E+17 0.3843E+17 0.7899E+16
 0.2014E-01 0.2961E-04 0.1440E+04 0.5651E+17 0.3984E+17 0.2521E+16
 0.2129E-01 0.2512E-04 0.1442E+04 0.4795E+17 0.3697E+17 -.4831E+16
 0.2245E-01 0.1498E-04 0.1443E+04 0.2859E+17 0.3354E+17 -.1094E+17
 0.2361E-01 0.4016E-05 0.1445E+04 0.7665E+16 0.3697E+17 -.1182E+17
 0.2476E-01 0.2899E-06 0.1447E+04 0.5534E+15 0.5731E+17 -.4017E+16
 0.2590E-01 0.1333E-04 0.1449E+04 0.2544E+17 0.1050E+18 0.1406E+17
 0.2705E-01 0.5148E-04 0.1450E+04 0.9825E+17 0.1878E+18 0.4112E+17
 0.2819E-01 0.1190E-03 0.1452E+04 0.2272E+18 0.3077E+18 0.7282E+17
 0.2933E-01 0.2140E-03 0.1454E+04 0.4085E+18 0.4593E+18 0.1024E+18
 0.3047E-01 0.3274E-03 0.1456E+04 0.6249E+18 0.6287E+18 0.1223E+18
 0.3161E-01 0.4443E-03 0.1458E+04 0.8481E+18 0.7960E+18 0.1260E+18
 0.3274E-01 0.5467E-03 0.1459E+04 0.1043E+19 0.9382E+18 0.1103E+18
 0.3387E-01 0.6171E-03 0.1461E+04 0.1178E+19 0.1034E+19 0.7590E+17
 0.3499E-01 0.6430E-03 0.1463E+04 0.1227E+19 0.1069E+19 0.2801E+17
 0.3612E-01 0.6198E-03 0.1465E+04 0.1183E+19 0.1037E+19 -.2501E+17
 0.3724E-01 0.5516E-03 0.1466E+04 0.1053E+19 0.9435E+18 -.7353E+17
 0.3836E-01 0.4505E-03 0.1468E+04 0.8599E+18 0.8032E+18 -.1090E+18
 0.3948E-01 0.3337E-03 0.1470E+04 0.6369E+18 0.6369E+18 -.1259E+18
 0.4059E-01 0.2194E-03 0.1472E+04 0.4187E+18 0.4677E+18 -.1232E+18
 0.4170E-01 0.1229E-03 0.1474E+04 0.2345E+18 0.3156E+18 -.1040E+18
 0.4281E-01 0.5367E-04 0.1475E+04 0.1024E+18 0.1945E+18 -.7459E+17
 0.4392E-01 0.1418E-04 0.1477E+04 0.2706E+17 0.1102E+18 -.4257E+17
 0.4502E-01 0.3688E-06 0.1479E+04 0.7038E+15 0.6107E+17 -.1489E+17
 0.4612E-01 0.3943E-05 0.1481E+04 0.7526E+16 0.3949E+17 0.3853E+16
 0.4722E-01 0.1523E-04 0.1482E+04 0.2907E+17 0.3523E+17 0.1217E+17
 0.4832E-01 0.2592E-04 0.1484E+04 0.4947E+17 0.3827E+17 0.1152E+17
 0.4941E-01 0.3090E-04 0.1486E+04 0.5898E+17 0.4112E+17 0.5367E+16
 0.5050E-01 0.2882E-04 0.1488E+04 0.5500E+17 0.3992E+17 -.2245E+16
 0.5159E-01 0.2144E-04 0.1489E+04 0.4091E+17 0.3422E+17 -.7958E+16
 0.5268E-01 0.1217E-04 0.1491E+04 0.2323E+17 0.2592E+17 -.9987E+16
 0.5376E-01 0.4455E-05 0.1493E+04 0.8503E+16 0.1774E+17 -.8318E+16
 0.5484E-01 0.4497E-06 0.1495E+04 0.8583E+15 0.1190E+17 -.4318E+16
 0.5592E-01 0.5070E-06 0.1497E+04 0.9677E+15 0.9313E+16 0.6180E+14
 0.5699E-01 0.3388E-05 0.1498E+04 0.6466E+16 0.9531E+16 0.3106E+16
 0.5807E-01 0.7038E-05 0.1500E+04 0.1343E+17 0.1117E+17 0.3935E+16
 0.5914E-01 0.9527E-05 0.1502E+04 0.1818E+17 0.1265E+17 0.2683E+16
 0.6021E-01 0.9780E-05 0.1504E+04 0.1867E+17 0.1286E+17 0.2735E+15
 0.6128E-01 0.7859E-05 0.1505E+04 0.1500E+17 0.1153E+17 -.2071E+16
 0.6234E-01 0.4745E-05 0.1507E+04 0.9057E+16 0.9158E+16 -.3356E+16
 0.6340E-01 0.1804E-05 0.1509E+04 0.3444E+16 0.6671E+16 -.3170E+16
 0.6446E-01 0.1635E-06 0.1511E+04 0.3120E+15 0.4966E+16 -.1769E+16
 0.6552E-01 0.2793E-06 0.1512E+04 0.5330E+15 0.4518E+16 0.1248E+15
 0.6657E-01 0.1830E-05 0.1514E+04 0.3492E+16 0.5227E+16 0.1671E+16
 0.6762E-01 0.3938E-05 0.1516E+04 0.7517E+16 0.6525E+16 0.2273E+16
 0.6867E-01 0.5598E-05 0.1518E+04 0.1068E+17 0.7666E+16 0.1789E+16
 0.6972E-01 0.6097E-05 0.1520E+04 0.1164E+17 0.8057E+16 0.5384E+15
 0.7076E-01 0.5283E-05 0.1521E+04 0.1008E+17 0.7482E+16 -.8777E+15
 0.7181E-01 0.3561E-05 0.1523E+04 0.6797E+16 0.6153E+16 -.1856E+16
 0.7285E-01 0.1673E-05 0.1525E+04 0.3192E+16 0.4574E+16 -.2036E+16
 0.7389E-01 0.3497E-06 0.1527E+04 0.6675E+15 0.3301E+16 -.1426E+16
 0.7492E-01 0.1858E-07 0.1528E+04 0.3546E+14 0.2706E+16 -.3570E+15
 0.7595E-01 0.6522E-06 0.1530E+04 0.1245E+16 0.2845E+16 0.6830E+15
 0.7699E-01 0.1828E-05 0.1532E+04 0.3489E+16 0.3469E+16 0.1268E+16
 0.7801E-01 0.2944E-05 0.1534E+04 0.5619E+16 0.4162E+16 0.1203E+16
 0.7904E-01 0.3487E-05 0.1535E+04 0.6655E+16 0.4532E+16 0.5855E+15
 0.8006E-01 0.3241E-05 0.1537E+04 0.6185E+16 0.4375E+16 -.2656E+15
 0.8109E-01 0.2347E-05 0.1539E+04 0.4480E+16 0.3739E+16 -.9632E+15
 0.8211E-01 0.1215E-05 0.1541E+04 0.2319E+16 0.2880E+16 -.1221E+16
 0.8312E-01 0.3204E-06 0.1543E+04 0.6116E+15 0.2132E+16 -.9642E+15
 0.8414E-01 0.1339E-09 0.1544E+04 0.2556E+12 0.1752E+16 -.3453E+15
 0.8515E-01 0.3181E-06 0.1546E+04 0.6070E+15 0.1822E+16 0.3427E+15
 0.8616E-01 0.1061E-05 0.1548E+04 0.2025E+16 0.2225E+16 0.8009E+15
 0.8717E-01 0.1851E-05 0.1550E+04 0.3533E+16 0.2712E+16 0.8520E+15
 0.8818E-01 0.2322E-05 0.1551E+04 0.4432E+16 0.3023E+16 0.5074E+15
 0.8918E-01 0.2273E-05 0.1553E+04 0.4338E+16 0.2997E+16 -.5310E+14
 0.9018E-01 0.1744E-05 0.1555E+04 0.3328E+16 0.2633E+16 -.5704E+15
 0.9118E-01 0.9802E-06 0.1557E+04 0.1871E+16 0.2081E+16 -.8230E+15
 0.9218E-01 0.3126E-06 0.1558E+04 0.5966E+15 0.1560E+16 -.7196E+15
 0.9317E-01 0.7266E-08 0.1560E+04 0.1387E+14 0.1262E+16 -.3292E+15
 0.9417E-01 0.1557E-06 0.1562E+04 0.2973E+15 0.1269E+16 0.1601E+15
 0.9516E-01 0.6470E-06 0.1564E+04 0.1235E+16 0.1524E+16 0.5296E+15
 0.9615E-01 0.1228E-05 0.1566E+04 0.2345E+16 0.1870E+16 0.6268E+15
 0.9713E-01 0.1625E-05 0.1567E+04 0.3102E+16 0.2120E+16 0.4278E+15
 0.9812E-01 0.1661E-05 0.1569E+04 0.3171E+16 0.2146E+16 0.3876E+14
 0.9910E-01 0.1330E-05 0.1571E+04 0.2538E+16 0.1929E+16 -.3573E+15
 0.1001E+00 0.7872E-06 0.1573E+04 0.1503E+16 0.1560E+16 -.5849E+15
 0.1011E+00 0.2756E-06 0.1574E+04 0.5261E+15 0.1197E+16 -.5515E+15
 0.1020E+00 0.1214E-07 0.1576E+04 0.2318E+14 0.9854E+15 -.2840E+15
 0.1030E+00 0.9529E-07 0.1578E+04 0.1819E+15 0.1000E+16 0.8963E+14
 0.1040E+00 0.4677E-06 0.1580E+04 0.8926E+15 0.1214E+16 0.4014E+15
 0.1049E+00 0.9480E-06 0.1582E+04 0.1809E+16 0.1511E+16 0.5178E+15
 0.1059E+00 0.1316E-05 0.1583E+04 0.2512E+16 0.1748E+16 0.3966E+15
 0.1069E+00 0.1410E-05 0.1585E+04 0.2690E+16 0.1811E+16 0.1010E+15
 0.1078E+00 0.1193E-05 0.1587E+04 0.2278E+16 0.1669E+16 -.2330E+15
 0.1088E+00 0.7679E-06 0.1589E+04 0.1466E+16 0.1381E+16 -.4588E+15
 0.1098E+00 0.3200E-06 0.1590E+04 0.6108E+15 0.1067E+16 -.4828E+15
 0.1107E+00 0.3907E-07 0.1592E+04 0.7457E+14 0.8529E+15 -.3029E+15
 0.1117E+00 0.3437E-07 0.1594E+04 0.6559E+14 0.8176E+15 -.5072E+13
 0.1126E+00 0.2917E-06 0.1596E+04 0.5568E+15 0.9592E+15 0.2775E+15
 0.1136E+00 0.6851E-06 0.1597E+04 0.1308E+16 0.1200E+16 0.4240E+15
 0.1145E+00 0.1035E-05 0.1599E+04 0.1976E+16 0.1425E+16 0.3775E+15
 0.1155E+00 0.1190E-05 0.1601E+04 0.2271E+16 0.1528E+16 0.1665E+15
 0.1164E+00 0.1086E-05 0.1603E+04 0.2073E+16 0.1461E+16 -.1116E+15
 0.1174E+00 0.7753E-06 0.1605E+04 0.1480E+16 0.1250E+16 -.3352E+15
 0.1183E+00 0.3929E-06 0.1606E+04 0.7500E+15 0.9773E+15 -.4122E+15
 0.1192E+00 0.9801E-07 0.1608E+04 0.1871E+15 0.7474E+15 -.3179E+15
 0.1202E+00 0.2771E-08 0.1610E+04 0.5288E+13 0.6384E+15 -.1027E+15
 0.1211E+00 0.1273E-06 0.1612E+04 0.2430E+15 0.6719E+15 0.1343E+15
 0.1220E+00 0.3961E-06 0.1613E+04 0.7559E+15 0.8073E+15 0.2897E+15
 0.1230E+00 0.6754E-06 0.1615E+04 0.1289E+16 0.9638E+15 0.3012E+15
 0.1239E+00 0.8355E-06 0.1617E+04 0.1595E+16 0.1058E+16 0.1725E+15
 0.1248E+00 0.8062E-06 0.1619E+04 0.1539E+16 0.1041E+16 -.3158E+14
 0.1258E+00 0.6051E-06 0.1620E+04 0.1155E+16 0.9166E+15 -.2168E+15
 0.1267E+00 0.3252E-06 0.1622E+04 0.6207E+15 0.7380E+15 -.3017E+15
 0.1276E+00 0.9074E-07 0.1624E+04 0.1732E+15 0.5806E+15 -.2527E+15
 0.1285E+00 0.7038E-09 0.1626E+04 0.1343E+13 0.5075E+15 -.9705E+14
 0.1294E+00 0.8645E-07 0.1628E+04 0.1650E+15 0.5422E+15 0.9243E+14
 0.1304E+00 0.3006E-06 0.1629E+04 0.5738E+15 0.6597E+15 0.2309E+15
 0.1313E+00 0.5413E-06 0.1631E+04 0.1033E+16 0.7997E+15 0.2594E+15
 0.1322E+00 0.6987E-06 0.1633E+04 0.1333E+16 0.8942E+15 0.1697E+15
 0.1331E+00 0.7041E-06 0.1635E+04 0.1344E+16 0.8981E+15 0.5814E+13
 0.1340E+00 0.5580E-06 0.1636E+04 0.1065E+16 0.8074E+15 -.1574E+15
 0.1349E+00 0.3274E-06 0.1638E+04 0.6248E+15 0.6595E+15 -.2486E+15
 0.1358E+00 0.1132E-06 0.1640E+04 0.2160E+15 0.5145E+15 -.2309E+15
 0.1367E+00 0.4720E-08 0.1642E+04 0.9009E+13 0.4280E+15 -.1169E+15
 0.1376E+00 0.4090E-07 0.1643E+04 0.7807E+14 0.4271E+15 0.3900E+14
 0.1385E+00 0.1951E-06 0.1645E+04 0.3724E+15 0.5001E+15 0.1663E+15
 0.1394E+00 0.3899E-06 0.1647E+04 0.7441E+15 0.6035E+15 0.2099E+15
 0.1403E+00 0.5331E-06 0.1649E+04 0.1018E+16 0.6830E+15 0.1544E+15
 0.1412E+00 0.5598E-06 0.1651E+04 0.1069E+16 0.6983E+15 0.2881E+14
 0.1421E+00 0.4599E-06 0.1652E+04 0.8778E+15 0.6404E+15 -.1077E+15
 0.1430E+00 0.2807E-06 0.1654E+04 0.5357E+15 0.5342E+15 -.1933E+15
 0.1439E+00 0.1034E-06 0.1656E+04 0.1974E+15 0.4255E+15 -.1911E+15
 0.1447E+00 0.6277E-08 0.1658E+04 0.1198E+14 0.3601E+15 -.1047E+15
 0.1456E+00 0.2888E-07 0.1659E+04 0.5512E+14 0.3627E+15 0.2437E+14
 0.1465E+00 0.1559E-06 0.1661E+04 0.2976E+15 0.4265E+15 0.1370E+15
 0.1474E+00 0.3256E-06 0.1663E+04 0.6214E+15 0.5175E+15 0.1829E+15
 0.1483E+00 0.4584E-06 0.1665E+04 0.8749E+15 0.5906E+15 0.1432E+15
 0.1491E+00 0.4937E-06 0.1666E+04 0.9423E+15 0.6104E+15 0.3806E+14
 0.1500E+00 0.4162E-06 0.1668E+04 0.7944E+15 0.5671E+15 -.8350E+14
 0.1509E+00 0.2622E-06 0.1670E+04 0.5005E+15 0.4804E+15 -.1660E+15
 0.1518E+00 0.1021E-06 0.1672E+04 0.1948E+15 0.3900E+15 -.1727E+15
 0.1526E+00 0.8187E-08 0.1674E+04 0.1563E+14 0.3372E+15 -.1012E+15
 0.1535E+00 0.2265E-07 0.1675E+04 0.4323E+14 0.3466E+15 0.1559E+14
 0.1544E+00 0.1388E-06 0.1677E+04 0.2648E+15 0.4146E+15 0.1252E+15
 0.1552E+00 0.3048E-06 0.1679E+04 0.5817E+15 0.5117E+15 0.1790E+15
 0.1561E+00 0.4475E-06 0.1681E+04 0.8541E+15 0.5957E+15 0.1538E+15
 0.1569E+00 0.5046E-06 0.1682E+04 0.9632E+15 0.6297E+15 0.6162E+14
 0.1578E+00 0.4523E-06 0.1684E+04 0.8633E+15 0.5990E+15 -.5643E+14
 0.1587E+00 0.3143E-06 0.1686E+04 0.5999E+15 0.5158E+15 -.1487E+15
 0.1595E+00 0.1510E-06 0.1688E+04 0.2881E+15 0.4143E+15 -.1761E+15
 0.1604E+00 0.3161E-07 0.1690E+04 0.6032E+14 0.3345E+15 -.1287E+15
 0.1612E+00 0.4222E-08 0.1691E+04 0.8057E+13 0.3052E+15 -.2952E+14
 0.1621E+00 0.7502E-07 0.1693E+04 0.1432E+15 0.3321E+15 0.7632E+14
 0.1629E+00 0.2070E-06 0.1695E+04 0.3950E+15 0.3962E+15 0.1422E+15
 0.1638E+00 0.3374E-06 0.1697E+04 0.6440E+15 0.4633E+15 0.1406E+15
 0.1646E+00 0.4064E-06 0.1698E+04 0.7757E+15 0.4996E+15 0.7441E+14
 0.1654E+00 0.3834E-06 0.1700E+04 0.7318E+15 0.4870E+15 -.2485E+14
 0.1663E+00 0.2797E-06 0.1702E+04 0.5338E+15 0.4304E+15 -.1118E+15
 0.1671E+00 0.1426E-06 0.1704E+04 0.2722E+15 0.3549E+15 -.1477E+15
 0.1680E+00 0.3378E-07 0.1705E+04 0.6447E+14 0.2939E+15 -.1173E+15
 0.1688E+00 0.1063E-08 0.1707E+04 0.2029E+13 0.2742E+15 -.3527E+14
 0.1696E+00 0.5786E-07 0.1709E+04 0.1104E+15 0.3036E+15 0.6122E+14
 0.1705E+00 0.1777E-06 0.1711E+04 0.3391E+15 0.3682E+15 0.1292E+15
 0.1713E+00 0.3066E-06 0.1713E+04 0.5852E+15 0.4388E+15 0.1390E+15
 0.1721E+00 0.3875E-06 0.1714E+04 0.7396E+15 0.4836E+15 0.8721E+14
 0.1730E+00 0.3853E-06 0.1716E+04 0.7354E+15 0.4824E+15 -.2350E+13
 0.1738E+00 0.3019E-06 0.1718E+04 0.5762E+15 0.4353E+15 -.8993E+14
 0.1746E+00 0.1743E-06 0.1720E+04 0.3328E+15 0.3617E+15 -.1375E+15
 0.1754E+00 0.5799E-07 0.1721E+04 0.1107E+15 0.2915E+15 -.1254E+15
 0.1762E+00 0.1652E-08 0.1723E+04 0.3152E+13 0.2521E+15 -.6073E+14
 0.1771E+00 0.2643E-07 0.1725E+04 0.5045E+14 0.2562E+15 0.2672E+14
 0.1779E+00 0.1173E-06 0.1727E+04 0.2238E+15 0.2973E+15 0.9793E+14
 0.1787E+00 0.2306E-06 0.1728E+04 0.4401E+15 0.3530E+15 0.1222E+15
 0.1795E+00 0.3143E-06 0.1730E+04 0.5999E+15 0.3956E+15 0.9024E+14
 0.1803E+00 0.3310E-06 0.1732E+04 0.6318E+15 0.4044E+15 0.1800E+14
 0.1811E+00 0.2742E-06 0.1734E+04 0.5233E+15 0.3747E+15 -.6128E+14
 0.1819E+00 0.1701E-06 0.1736E+04 0.3247E+15 0.3193E+15 -.1122E+15
 0.1828E+00 0.6556E-07 0.1737E+04 0.1251E+15 0.2620E+15 -.1127E+15
 0.1836E+00 0.6310E-08 0.1739E+04 0.1204E+14 0.2270E+15 -.6387E+14
 0.1844E+00 0.1698E-07 0.1741E+04 0.3240E+14 0.2280E+15 0.1150E+14
 0.1852E+00 0.9054E-07 0.1743E+04 0.1728E+15 0.2622E+15 0.7930E+14
 0.1860E+00 0.1922E-06 0.1744E+04 0.3669E+15 0.3122E+15 0.1096E+15
 0.1868E+00 0.2756E-06 0.1746E+04 0.5259E+15 0.3541E+15 0.8983E+14
 0.1876E+00 0.3033E-06 0.1748E+04 0.5788E+15 0.3681E+15 0.2986E+14
 0.1884E+00 0.2636E-06 0.1750E+04 0.5031E+15 0.3474E+15 -.4277E+14
 0.1892E+00 0.1749E-06 0.1751E+04 0.3338E+15 0.3002E+15 -.9562E+14
 0.1900E+00 0.7674E-07 0.1753E+04 0.1465E+15 0.2465E+15 -.1058E+15
 0.1908E+00 0.1188E-07 0.1755E+04 0.2268E+14 0.2081E+15 -.6992E+14
 0.1915E+00 0.7114E-08 0.1757E+04 0.1358E+14 0.1993E+15 -.5139E+13
 0.1923E+00 0.6177E-07 0.1759E+04 0.1179E+15 0.2208E+15 0.5892E+14
 0.1931E+00 0.1487E-06 0.1760E+04 0.2838E+15 0.2599E+15 0.9371E+14
 0.1939E+00 0.2270E-06 0.1762E+04 0.4333E+15 0.2964E+15 0.8445E+14
 0.1947E+00 0.2608E-06 0.1764E+04 0.4978E+15 0.3123E+15 0.3642E+14
 0.1955E+00 0.2350E-06 0.1766E+04 0.4485E+15 0.2996E+15 -.2785E+14
 0.1963E+00 0.1618E-06 0.1767E+04 0.3087E+15 0.2634E+15 -.7894E+14
 0.1970E+00 0.7458E-07 0.1769E+04 0.1423E+15 0.2200E+15 -.9397E+14
 0.1978E+00 0.1275E-07 0.1771E+04 0.2433E+14 0.1884E+15 -.6666E+14
 0.1986E+00 0.3606E-08 0.1773E+04 0.6882E+13 0.1823E+15 -.9854E+13
 0.1994E+00 0.5041E-07 0.1774E+04 0.9621E+14 0.2035E+15 0.5045E+14
 0.2001E+00 0.1312E-06 0.1776E+04 0.2504E+15 0.2416E+15 0.8709E+14
 0.2009E+00 0.2090E-06 0.1778E+04 0.3989E+15 0.2788E+15 0.8387E+14
 0.2017E+00 0.2486E-06 0.1780E+04 0.4745E+15 0.2978E+15 0.4267E+14
 0.2025E+00 0.2323E-06 0.1782E+04 0.4433E+15 0.2900E+15 -.1759E+14
 0.2032E+00 0.1677E-06 0.1783E+04 0.3200E+15 0.2588E+15 -.6965E+14
 0.2040E+00 0.8399E-07 0.1785E+04 0.1603E+15 0.2182E+15 -.9019E+14
 0.2048E+00 0.1882E-07 0.1787E+04 0.3592E+14 0.1864E+15 -.7026E+14
 0.2055E+00 0.1165E-08 0.1789E+04 0.2224E+13 0.1775E+15 -.1903E+14
 0.2063E+00 0.3865E-07 0.1790E+04 0.7377E+14 0.1953E+15 0.4041E+14
 0.2070E+00 0.1143E-06 0.1792E+04 0.2181E+15 0.2318E+15 0.8151E+14
 0.2078E+00 0.1942E-06 0.1794E+04 0.3706E+15 0.2704E+15 0.8614E+14
 0.2086E+00 0.2429E-06 0.1796E+04 0.4635E+15 0.2941E+15 0.5250E+14
 0.2093E+00 0.2389E-06 0.1797E+04 0.4560E+15 0.2922E+15 -.4247E+13
 0.2101E+00 0.1844E-06 0.1799E+04 0.3519E+15 0.2655E+15 -.5884E+14
 0.2108E+00 0.1034E-06 0.1801E+04 0.1974E+15 0.2257E+15 -.8726E+14
 0.2116E+00 0.3169E-07 0.1803E+04 0.6048E+14 0.1898E+15 -.7731E+14
 0.2123E+00 0.3165E-09 0.1805E+04 0.6041E+12 0.1732E+15 -.3382E+14
 0.2131E+00 0.2235E-07 0.1806E+04 0.4266E+14 0.1822E+15 0.2375E+14
 0.2138E+00 0.8731E-07 0.1808E+04 0.1666E+15 0.2121E+15 0.7002E+14
 0.2146E+00 0.1662E-06 0.1810E+04 0.3171E+15 0.2486E+15 0.8500E+14
 0.2153E+00 0.2243E-06 0.1812E+04 0.4282E+15 0.2741E+15 0.6271E+14
 0.2161E+00 0.2369E-06 0.1813E+04 0.4521E+15 0.2752E+15 0.1350E+14
 0.2168E+00 0.1990E-06 0.1815E+04 0.3798E+15 0.2482E+15 -.4082E+14
 0.2175E+00 0.1277E-06 0.1817E+04 0.2438E+15 0.1995E+15 -.7684E+14
